0 1.609431695e-02 -2.003058472e-03
1 2.515814839e-02 -4.667547741e-03
2 2.081748048e-02 -1.244274108e-02
3 1.916048393e-02 -1.375195092e-02
4 8.251801386e-03 -1.590068461e-02
5 9.356497150e-03 -9.619292903e-04
6 1.686683904e-02 -7.185036919e-03
7 1.286271728e-02 -3.446923184e-03
8 1.900800134e-02 -7.657387597e-03
9 1.150881328e-02 -7.861134724e-03
10 1.308852673e-02 -4.459138694e-03
11 1.605080732e-02 3.068566668e-04
12 2.420867928e-02 -1.123105767e-02
13 7.202884239e-03 -1.254734750e-02
14 1.387936592e-02 -4.903794505e-03
15 5.541280826e-03 -1.015886710e-02
16 6.443474768e-03 3.869968573e-03
17 1.364337808e-02 2.928026582e-03
18 1.815841258e-02 3.987066062e-03
19 2.325620236e-02 -2.937529096e-03
20 1.808040338e-02 -1.031277357e-02
21 1.136176413e-02 -5.818111070e-03
22 1.511955113e-02 -5.776020431e-03
23 9.107609721e-03 -3.398049931e-03
24 1.900930278e-02 -1.853530630e-03
25 1.061907066e-02 -9.925177569e-03
26 1.326399804e-02 -1.233182720e-03
27 1.223362681e-02 -9.704662555e-03
28 9.962141063e-03 -5.357572186e-03
29 5.088553147e-03 -1.167496773e-02
30 -1.584020750e-03 -2.738809899e-04
31 1.548831489e-03 2.374245319e-03
32 5.893878921e-03 1.220048690e-02
33 1.810365821e-02 -7.060721692e-06
34 3.379335285e-04 -6.448916292e-03
35 -5.062574718e-03 9.073304284e-03
36 2.405998328e-03 2.118074401e-02
37 2.157098717e-02 2.170724521e-02
38 2.384604078e-02 4.488805508e-04
39 6.277670779e-03 4.536802918e-03
40 1.752028581e-02 1.295734183e-02
41 1.632976020e-02 4.365784687e-03
42 1.935988603e-02 6.435899455e-03
43 1.298217034e-02 -3.873890025e-03
44 6.798773226e-03 8.335854660e-03
45 1.560781526e-02 8.464876942e-03
46 1.760132098e-02 1.963239735e-03
47 2.544472554e-03 -3.650945972e-03
48 2.354787105e-03 2.164293555e-02
49 2.503639817e-02 1.143608768e-02
50 1.219552015e-02 1.070956892e-03
51 9.950558745e-03 8.082081105e-03
52 1.322337218e-02 8.136267004e-03
53 8.381713694e-03 3.968620358e-03
54 7.151444096e-03 1.531307646e-02
55 1.633467305e-02 7.368681405e-03
56 2.220090455e-03 8.837902959e-03
57 1.064509138e-02 1.985535229e-02
58 1.403475396e-02 1.342711618e-02
59 1.192559220e-02 1.630591603e-02
60 1.920015295e-02 1.551545013e-02
61 1.368387249e-02 7.386033106e-03
62 1.258015548e-02 1.735856654e-02
63 1.862676827e-02 6.058890413e-03
64 -4.250062139e-04 1.134913120e-02
65 1.218001577e-02 2.924598718e-02
66 2.591040506e-02 1.765691012e-02
67 1.549638915e-02 7.188575689e-03
68 1.044489368e-02 2.092173868e-02
69 2.586374410e-02 1.976190251e-02
70 2.643883252e-02 7.447800120e-03
71 1.521720813e-02 -2.747681549e-03
72 2.754724712e-03 1.239842586e-02
73 1.787397913e-02 1.016802548e-02
74 -2.832229598e-03 5.935303873e-03
75 7.294299936e-03 2.894430117e-02
76 1.567238162e-02 1.268788920e-02
77 3.100276898e-03 1.963113327e-02
78 1.546337025e-02 2.513016223e-02
79 1.570409527e-02 1.411693551e-02
80 7.116885529e-03 1.481851238e-02
81 3.853095418e-03 2.116053573e-02
82 8.627974445e-03 2.939015808e-02
83 1.742368115e-02 2.475274176e-02
84 1.336270741e-02 1.808759321e-02
85 4.716926670e-03 1.977430043e-02
86 5.956827694e-03 3.370750810e-02
87 1.912153691e-02 2.756887563e-02
88 7.220555790e-03 2.386508038e-02
89 1.170552234e-02 3.539242413e-02
90 1.803144463e-02 3.195671300e-02
91 1.985903967e-02 2.842596705e-02
92 1.476679256e-02 2.558693566e-02
93 1.484971576e-02 3.261055987e-02
94 2.295742711e-02 3.123409867e-02
95 2.345796912e-02 2.105862897e-02
96 1.298427425e-02 1.844230731e-02
97 1.123322143e-02 2.193853592e-02
98 2.966551107e-03 1.858472828e-02
99 -6.510949664e-03 3.288255797e-02
100 3.145799211e-03 4.257288845e-02
101 5.872994140e-03 4.101979105e-02
102 6.825067807e-03 4.352328613e-02
103 7.448968719e-03 4.519866037e-02
104 9.242077504e-03 4.454542734e-02
105 6.251572404e-05 4.956959950e-02
106 1.436407063e-02 6.166343174e-02
107 9.583625713e-03 4.542563534e-02
108 3.612914905e-03 6.954183457e-02
109 1.970259067e-02 6.139761168e-02
110 8.986283467e-03 7.380462466e-02
111 3.174408058e-02 7.195159769e-02
112 1.754662834e-02 6.728945995e-02
113 2.532430523e-02 7.852620392e-02
114 2.440662013e-02 8.382395075e-02
115 3.996665943e-02 8.832746809e-02
116 3.619204316e-02 9.121838305e-02
117 6.275935952e-02 1.026498717e-01
118 7.644445647e-02 8.076078409e-02
119 7.561452082e-02 6.214263767e-02
120 5.159013715e-02 5.827252802e-02
121 5.644041887e-02 7.008461962e-02
122 3.710803256e-02 6.872848097e-02
123 4.852632891e-02 1.050298824e-01
124 6.155871235e-02 9.420958985e-02
125 6.040730261e-02 1.168352818e-01
126 7.952351013e-02 1.189602319e-01
127 8.179012211e-02 1.391261955e-01
128 1.113688339e-01 1.581916240e-01
129 1.408920385e-01 1.826749941e-01
130 2.183051306e-01 2.083858159e-01
131 3.369314915e-01 1.679195114e-01
132 4.083349408e-01 2.894156889e-02
133 3.689877102e-01 -1.115086322e-01
134 2.787576819e-01 -1.944420956e-01
135 1.741419116e-01 -2.124137562e-01
136 1.066601486e-01 -1.805569503e-01
137 7.909750908e-02 -1.496174126e-01
138 6.188033318e-02 -1.322372256e-01
139 4.665412501e-02 -1.150998135e-01
140 3.865552005e-02 -1.002139628e-01
141 3.175507890e-02 -8.852847631e-02
142 2.954247139e-02 -7.588584042e-02
143 3.078781230e-02 -7.503651991e-02
144 1.394894975e-02 -7.122291960e-02
145 1.132815189e-02 -4.737395029e-02
146 2.572439569e-02 -3.977917648e-02
147 3.199414622e-02 -4.910969820e-02
148 1.634291400e-02 -5.280220331e-02
149 1.554854538e-02 -3.697420220e-02
150 1.761464979e-02 -4.011054041e-02
151 1.515169329e-02 -3.168886644e-02
152 1.754703909e-02 -3.690264743e-02
153 8.251216477e-03 -2.873227900e-02
154 1.445819540e-02 -2.826718157e-02
155 2.795331574e-03 -2.249218101e-02
156 1.610212721e-02 -1.260337975e-02
157 1.081287735e-02 -2.315177345e-02
158 7.950028929e-03 -6.916855680e-03
159 2.124923280e-02 -9.891818061e-03
160 1.784746627e-02 -1.545220346e-02
161 1.403811861e-02 -1.644677247e-02
162 9.337639852e-03 -1.103137430e-02
163 1.226343536e-02 -8.053259201e-03
164 1.139244287e-02 -6.358488815e-03
165 1.284748230e-02 -5.255500958e-03
166 1.326207804e-02 -3.507246125e-03
167 1.217822168e-02 -8.159710447e-03
168 2.887861729e-03 1.890106215e-03
169 1.578284539e-02 7.377818338e-03
170 1.403269735e-02 4.932193285e-03
171 2.505198286e-02 3.685798243e-03
172 1.251564911e-02 -9.150525532e-03
173 8.865625027e-03 5.646679687e-03
174 1.252684921e-02 1.868311006e-03
175 8.557005067e-03 6.528748636e-03
176 9.540680812e-03 9.635825870e-03
177 1.386830942e-02 1.239701222e-02
178 1.139386591e-02 1.052836563e-02
179 1.723191947e-02 1.615444047e-02
180 1.406525695e-02 6.938611330e-03
181 1.265347908e-02 1.944177247e-02
182 2.083910604e-02 9.512990636e-03
183 7.565351312e-03 1.293759509e-02
184 1.553314874e-02 2.122528660e-02
185 1.723054633e-02 1.554709559e-02
186 1.306497161e-02 2.036455747e-02
187 2.546458457e-02 2.189387505e-02
188 2.022445950e-02 5.363794175e-03
189 7.845528409e-03 1.271271677e-02
190 6.674181944e-03 1.770154303e-02
191 9.374629024e-03 2.534113694e-02
192 9.140133296e-03 2.198316894e-02
193 9.968781441e-03 3.278095577e-02
194 1.588402250e-02 2.571117618e-02
195 1.099962633e-02 3.411153781e-02
196 2.361820545e-02 2.953960056e-02
197 1.632659011e-02 2.359177667e-02
198 1.372715555e-02 2.179913049e-02
199 3.468767112e-03 2.528159929e-02
200 2.285150320e-03 3.292783197e-02
201 2.445095423e-03 3.988643425e-02
202 4.252955946e-03 4.190159762e-02
203 3.747523064e-03 4.855984576e-02
204 5.234362700e-03 5.230408246e-02
205 1.509821081e-02 6.106477578e-02
206 1.493041721e-02 4.417984599e-02
207 3.334348806e-03 6.677156106e-02
208 2.828025723e-02 5.647436306e-02
209 7.761067290e-04 5.563760334e-02
210 1.532709579e-02 7.398812617e-02
211 1.151192733e-02 7.450878747e-02
212 3.285351757e-02 8.058889988e-02
213 1.840269000e-02 6.194008465e-02
214 1.762555423e-02 8.793710008e-02
215 3.056714508e-02 7.856712724e-02
216 2.002619000e-02 7.961067727e-02
217 1.645210352e-02 9.095267340e-02
218 2.442406713e-02 9.935532016e-02
219 1.865379043e-02 1.004884731e-01
220 2.101718360e-02 1.180205818e-01
221 2.139814429e-02 1.257183462e-01
222 3.138684973e-02 1.479343455e-01
223 4.034604126e-02 1.485176271e-01
224 3.950746483e-02 1.712110914e-01
225 5.470455639e-02 1.908559474e-01
226 7.204449980e-02 2.183908321e-01
227 1.027455543e-01 2.384612881e-01
228 1.371349222e-01 2.645709746e-01
229 1.866770037e-01 2.814141403e-01
230 2.482677280e-01 3.129706182e-01
231 3.752734681e-01 3.156494653e-01
232 5.100210648e-01 2.307187755e-01
233 5.938921945e-01 6.150554186e-02
234 5.515966068e-01 -1.311818355e-01
235 4.312380625e-01 -2.350361080e-01
236 3.226478047e-01 -2.665865237e-01
237 2.362854402e-01 -2.636208831e-01
238 1.778456283e-01 -2.417903419e-01
239 1.399432275e-01 -2.206345940e-01
240 1.155417847e-01 -2.025792120e-01
241 9.095770522e-02 -1.959466957e-01
242 5.977712478e-02 -1.769856601e-01
243 4.428784208e-02 -1.513998686e-01
244 3.766741050e-02 -1.291064080e-01
245 3.946050988e-02 -1.144745566e-01
246 3.889874831e-02 -1.103150369e-01
247 2.668029079e-02 -1.057391782e-01
248 2.233006659e-02 -8.723142845e-02
249 2.328528738e-02 -8.361612115e-02
250 2.041301447e-02 -6.851553844e-02
251 2.811257126e-02 -7.403174982e-02
252 9.086309187e-03 -6.340208491e-02
253 2.410485989e-02 -5.331243892e-02
254 1.108208028e-02 -5.529148236e-02
255 2.194812416e-02 -4.119638540e-02
256 1.397788106e-02 -5.047362424e-02
257 1.638674704e-02 -3.749982545e-02
258 3.573895785e-03 -4.581523248e-02
259 3.664166622e-03 -1.554762664e-02
260 1.414159819e-02 -2.863568997e-02
261 2.137587529e-04 -1.019144531e-02
262 1.893730692e-02 -8.988037398e-03
263 1.071053312e-02 -1.079438588e-02
264 9.277397842e-03 -7.675733718e-03
265 3.545340013e-03 6.858191808e-03
266 1.636792721e-02 9.846874333e-03
267 9.977628120e-03 1.303543037e-02
268 1.728946402e-02 1.817268671e-02
269 9.352160190e-03 2.111383725e-02
270 1.421704598e-02 3.659511903e-02
271 2.301062002e-02 3.998198031e-02
272 2.303661551e-02 4.046231851e-02
273 2.509567533e-02 5.432933948e-02
274 3.605405989e-02 5.121520123e-02
275 2.497643377e-02 6.150490888e-02
276 4.205403213e-02 7.726871911e-02
277 4.794814659e-02 7.700110380e-02
278 5.587539177e-02 8.516468689e-02
279 6.593446710e-02 9.011553610e-02
280 7.147923324e-02 8.238780346e-02
281 5.197568385e-02 1.018284247e-01
282 7.953712760e-02 1.342455270e-01
283 9.247944880e-02 1.379068539e-01
284 1.150218393e-01 1.664634053e-01
285 1.447404803e-01 1.763997281e-01
286 1.767191191e-01 2.070393564e-01
287 2.475160599e-01 2.351742209e-01
288 3.543676673e-01 2.330326116e-01
289 4.822185347e-01 1.643982501e-01
290 5.627277511e-01 -4.599976978e-03
291 4.975718188e-01 -1.703049389e-01
292 4.199193812e-01 -2.299281277e-01
293 3.563967280e-01 -3.013527648e-01
294 2.508504679e-01 -3.284386180e-01
295 1.781421372e-01 -3.098995811e-01
296 1.270695129e-01 -2.859024008e-01
297 9.820361302e-02 -2.553716703e-01
298 8.287818550e-02 -2.445377962e-01
299 4.947242927e-02 -2.289999998e-01
300 4.016943781e-02 -1.993149791e-01
301 3.114190892e-02 -1.891570440e-01
302 2.319963422e-02 -1.690189152e-01
303 1.945467913e-02 -1.568225081e-01
304 2.188161717e-02 -1.390521429e-01
305 2.983423909e-02 -1.397273857e-01
306 2.173994356e-02 -1.438315212e-01
307 5.510914870e-03 -1.352503343e-01
308 5.104100350e-03 -1.172229956e-01
309 5.143634549e-03 -1.094280428e-01
310 1.431256758e-02 -9.783767802e-02
311 1.688971723e-02 -1.056617072e-01
312 1.223173396e-02 -9.955161629e-02
313 1.130099713e-02 -9.848922506e-02
314 1.384256402e-02 -9.186773560e-02
315 9.593461650e-03 -1.004559497e-01
316 4.763439919e-04 -8.479882391e-02
317 9.587330760e-03 -8.465964956e-02
318 1.480815137e-03 -8.093493078e-02
319 3.813154800e-03 -7.355598338e-02
320 8.056811500e-03 -6.525127851e-02
321 1.768669909e-02 -7.274432024e-02
322 4.153774895e-03 -7.388780906e-02
323 7.946331798e-03 -6.020259545e-02
324 1.504956003e-02 -6.318208493e-02
325 1.115023305e-02 -6.174819148e-02
326 1.949503363e-02 -5.646541996e-02
327 2.040965548e-02 -6.652628927e-02
328 1.630390187e-02 -6.225483290e-02
329 1.753738633e-02 -6.613303184e-02
330 1.340194881e-02 -6.114324783e-02
331 1.589523248e-02 -6.347527787e-02
332 1.161393181e-02 -5.724844686e-02
333 1.979612226e-02 -5.834120229e-02
334 1.608041877e-02 -6.019718598e-02
335 1.843123428e-02 -6.103681055e-02
336 1.449710811e-02 -6.204812820e-02
337 1.524749805e-02 -6.097317095e-02
338 1.513518789e-02 -6.533632245e-02
339 -2.045628775e-04 -6.808413413e-02
340 7.296683347e-04 -4.206439558e-02
341 2.170216936e-02 -5.603402443e-02
342 1.335932572e-03 -5.851829506e-02
343 1.007756293e-02 -4.917240533e-02
344 4.859674576e-03 -5.235231697e-02
345 1.079947045e-02 -4.684399399e-02
346 6.857090442e-03 -5.371629984e-02
347 1.012530670e-03 -4.578484616e-02
348 6.767970121e-03 -3.600547839e-02
349 1.789939257e-02 -4.165440891e-02
350 1.264444602e-02 -4.512368519e-02
351 1.607005783e-02 -4.645969482e-02
352 1.037086233e-02 -4.629726496e-02
353 1.535392573e-02 -4.965844811e-02
354 -5.583459459e-04 -4.717065083e-02
355 1.502395513e-02 -3.561750151e-02
356 7.007794587e-03 -5.152457741e-02
357 5.831060841e-03 -3.222514470e-02
358 1.668089550e-02 -4.492079903e-02
359 1.633254672e-03 -4.114502132e-02
360 1.135287035e-02 -3.096125410e-02
361 1.577399996e-02 -3.912594148e-02
362 1.044473199e-02 -3.790970423e-02
363 1.423444553e-02 -3.601000408e-02
364 1.416645040e-02 -3.398149716e-02
365 2.754913031e-02 -3.902259125e-02
366 1.284930982e-02 -5.837007020e-02
367 -2.637420793e-03 -4.104017923e-02
368 6.871784485e-03 -3.207988410e-02
369 1.290870461e-02 -3.434890929e-02
370 8.747120155e-03 -3.822804377e-02
371 1.002303567e-02 -2.901577255e-02
372 1.811296780e-02 -3.511627176e-02
373 1.290108873e-02 -3.662762514e-02
374 1.636123121e-02 -3.805264191e-02
375 7.173584046e-03 -4.045787884e-02
376 1.233175681e-02 -2.822876433e-02
377 1.820692862e-02 -4.372860555e-02
378 -1.530750228e-03 -3.562535494e-02
379 1.752089494e-02 -2.321580021e-02
380 1.912501583e-02 -4.128471100e-02
381 8.835029324e-03 -4.058251938e-02
382 6.832490420e-03 -3.337996523e-02
383 1.514006275e-02 -3.726605317e-02
384 -1.387515660e-03 -4.076916576e-02
385 4.716325461e-03 -2.318360106e-02
386 6.955877966e-03 -2.969644959e-02
387 1.215441473e-02 -1.962771165e-02
388 1.743351457e-02 -3.226302765e-02
389 1.216622384e-02 -2.810195624e-02
390 1.417319464e-02 -3.243372782e-02
391 1.279438602e-02 -2.694725621e-02
392 1.648303794e-02 -3.435863412e-02
393 9.485724203e-03 -2.975934419e-02
394 1.692729409e-02 -3.092549292e-02
395 1.114013798e-02 -3.730047978e-02
396 1.610175507e-03 -2.970316731e-02
397 1.558997707e-02 -1.846105772e-02
398 1.697150427e-02 -3.682532966e-02
399 9.265701228e-03 -2.589125326e-02
400 1.631664240e-02 -3.757161307e-02
401 -2.421131841e-03 -2.756626735e-02
402 1.573118112e-02 -1.788024929e-02
403 1.868055867e-02 -2.893383475e-02
404 1.272341415e-02 -3.644636431e-02
405 3.640453552e-03 -2.441206610e-02
406 1.881662491e-02 -2.731444168e-02
407 3.277495708e-03 -3.171625985e-02
408 1.139658557e-02 -1.800254397e-02
409 1.571974286e-02 -2.572368173e-02
410 1.470933823e-02 -2.871073143e-02
411 5.883796859e-03 -2.597550186e-02
412 1.693593499e-02 -1.665352989e-02
413 1.918237864e-02 -2.923200631e-02
414 1.444248266e-02 -2.589434109e-02
415 1.789575517e-02 -2.804079934e-02
416 1.641073021e-02 -3.073373611e-02
417 1.284607264e-02 -3.388364245e-02
418 6.352430716e-03 -3.041701111e-02
419 7.400879025e-03 -2.288140590e-02
420 1.541286552e-02 -2.064042481e-02
421 2.012049166e-02 -3.077203427e-02
422 6.916118768e-03 -3.422551602e-02
423 1.057605980e-02 -2.353930204e-02
424 8.338678046e-03 -3.394838253e-02
425 2.666458379e-03 -1.782351598e-02
426 1.681842629e-02 -2.651574305e-02
427 1.987336887e-03 -2.338162498e-02
428 1.611311534e-02 -1.961794969e-02
429 6.879544405e-03 -2.629517931e-02
430 9.882866298e-03 -1.844145175e-02
431 1.045203755e-02 -1.492840189e-02
432 2.713079055e-02 -1.937520210e-02
433 1.315875516e-02 -3.488893913e-02
434 9.838190597e-03 -2.488424577e-02
435 4.167226978e-03 -2.336771592e-02
436 1.666019096e-02 -1.223149444e-02
437 1.684952349e-02 -2.798859933e-02
438 1.356667478e-02 -1.948846867e-02
439 1.693298461e-02 -2.668149793e-02
440 1.497426395e-02 -2.325649248e-02
441 1.558533272e-02 -3.147330583e-02
442 7.085609952e-03 -2.811695841e-02
443 6.085732054e-03 -2.640876842e-02
444 3.009891117e-03 -2.044429643e-02
445 5.215184702e-03 -1.341030791e-02
446 1.796222973e-02 -1.018676165e-02
447 1.824386994e-02 -2.311621113e-02
448 1.533032290e-02 -1.748388926e-02
449 1.972486216e-02 -2.469998421e-02
450 1.218045331e-02 -2.382108661e-02
451 1.438902489e-02 -1.913366532e-02
452 2.263635563e-02 -2.195824587e-02
453 1.416872351e-02 -3.347229808e-02
454 1.092169745e-02 -2.169892341e-02
455 1.409445527e-02 -3.129239569e-02
456 3.684210094e-03 -2.184172772e-02
457 1.403103914e-02 -2.218004458e-02
458 7.615912306e-03 -2.280057007e-02
459 1.234558330e-02 -2.074866521e-02
460 1.042181500e-02 -2.219297957e-02
461 1.132658068e-02 -2.330363528e-02
462 6.481333050e-03 -2.276611726e-02
463 3.912058209e-03 -1.752136919e-02
464 1.139789041e-02 -6.241257118e-03
465 2.566796899e-02 -1.866188143e-02
466 1.423019732e-02 -2.503837228e-02
467 1.725229204e-02 -2.328918885e-02
468 1.074372181e-02 -2.928442287e-02
469 4.111538570e-03 -2.322925896e-02
470 7.603868242e-03 -1.389504450e-02
471 1.742179778e-02 -2.023627478e-02
472 7.570293296e-03 -2.593594945e-02
473 3.392806187e-03 -1.963432970e-02
474 2.208028135e-03 -9.911431274e-03
475 1.600197041e-02 -5.649851785e-03
476 1.875593689e-02 -1.281072380e-02
477 2.324191166e-02 -1.576387115e-02
478 1.677630382e-02 -2.326992257e-02
479 1.801698307e-02 -1.437522506e-02
480 2.523830435e-02 -2.603224367e-02
481 1.147054927e-02 -2.841900037e-02
482 1.479363130e-02 -2.152749148e-02
483 1.169942797e-02 -2.858887670e-02
484 5.464032575e-03 -1.839882315e-02
485 1.756460777e-02 -1.648573455e-02
486 1.604188558e-02 -2.676431655e-02
487 9.827558356e-03 -2.472171164e-02
488 1.103666625e-02 -2.560020104e-02
489 1.544619907e-03 -2.473700094e-02
490 6.820736502e-03 -1.255445353e-02
491 1.099450381e-02 -2.077519563e-02
492 7.118150708e-03 -1.457166945e-02
493 1.308762877e-02 -1.888506477e-02
494 7.630381916e-03 -1.525699707e-02
495 1.642359525e-02 -1.729145250e-02
496 9.398516079e-03 -2.246853920e-02
497 5.978012794e-03 -1.826348042e-02
498 8.737718474e-03 -1.014819375e-02
499 1.684973358e-02 -1.851973011e-02
500 5.661187608e-03 -1.598640911e-02
501 1.625066774e-02 -1.176826601e-02
502 1.566226601e-02 -1.691239461e-02
503 1.746544566e-02 -2.498442990e-02
504 1.174768455e-04 -2.020586125e-02
505 1.464673788e-02 -1.190626901e-02
506 4.227558030e-03 -1.870719530e-02
507 1.683953254e-02 -6.327837429e-03
508 1.179390749e-02 -2.286546301e-02
509 1.319623611e-02 -7.339005811e-03
510 1.780259480e-02 -2.336322414e-02
511 9.057906759e-03 -1.343078585e-02
512 1.783719643e-02 -2.077093256e-02
513 5.731511001e-03 -2.009046410e-02
514 7.755228534e-03 -1.264618287e-02
515 1.376534775e-02 -9.854319568e-03
516 1.581030292e-02 -1.715304854e-02
517 1.237106462e-02 -1.429338617e-02
518 1.467960559e-02 -1.639799276e-02
519 1.426478923e-02 -1.424555522e-02
520 1.581107529e-02 -1.899976870e-02
521 1.363514281e-02 -1.599291777e-02
522 1.721501076e-02 -2.332600228e-02
523 4.347414566e-03 -2.543736410e-02
524 -2.125458247e-03 -1.292819035e-02
525 1.197057250e-02 -7.006776316e-04
526 1.859344753e-02 -1.806175902e-02
527 6.359036637e-03 -9.809365052e-03
528 2.091330685e-02 -1.174663015e-02
529 9.552341244e-03 -1.737694717e-02
530 1.256165317e-02 -9.071251335e-03
531 1.560359064e-02 -6.949255279e-03
532 2.751923314e-02 -1.372693237e-02
533 1.362877776e-02 -2.353205952e-02
534 1.682645361e-02 -1.177221391e-02
535 1.737759846e-02 -2.368386348e-02
536 7.955537123e-03 -1.559720494e-02
537 1.597293200e-02 -1.244901974e-02
538 1.654157297e-02 -1.664602557e-02
539 1.363597980e-02 -1.692628815e-02
540 1.532446498e-02 -1.200370225e-02
541 2.356517435e-02 -1.737940040e-02
542 1.438313509e-02 -2.798507592e-02
543 5.554988558e-03 -1.531757079e-02
544 2.018146315e-02 -1.398193817e-02
545 1.260180263e-02 -2.671753410e-02
546 5.212688946e-03 -1.601528063e-02
547 1.147304902e-02 -1.324140638e-02
548 1.364768394e-02 -1.296500633e-02
549 1.724199714e-02 -1.730449140e-02
550 1.136272554e-02 -2.145303909e-02
551 6.363232632e-03 -1.599050026e-02
552 1.067950868e-02 -9.755880579e-03
553 1.581648957e-02 -1.364460582e-02
554 1.140701051e-02 -1.430214354e-02
555 1.604904326e-02 -8.959017880e-03
556 2.230189610e-02 -1.651040320e-02
557 1.446178078e-02 -2.333821707e-02
558 8.096961574e-03 -1.577588416e-02
559 1.516196470e-02 -1.158892378e-02
560 1.638997765e-02 -1.578265967e-02
561 1.745582803e-02 -1.587108075e-02
562 1.547403191e-02 -1.997800873e-02
563 1.393998134e-02 -1.535338781e-02
564 1.926316102e-02 -1.811636163e-02
565 1.656258026e-02 -2.315217081e-02
566 1.040167705e-02 -2.322946837e-02
567 1.210986975e-02 -1.605815308e-02
568 1.605852682e-02 -2.458860428e-02
569 4.332284299e-03 -2.131590374e-02
570 1.346045899e-02 -1.498421199e-02
571 1.185097893e-02 -2.528272814e-02
572 3.292345973e-03 -2.035731851e-02
573 8.277425839e-03 -1.468674171e-02
574 9.563920745e-03 -2.057739121e-02
575 3.202033667e-03 -1.828627940e-02
576 3.754759520e-03 -1.378172684e-02
577 7.721972631e-03 -9.053117730e-03
578 1.312629611e-02 -1.634350551e-02
579 3.670083639e-03 -1.629682388e-02
580 6.234602814e-03 -9.476864848e-03
581 1.170966697e-02 -7.781837992e-03
582 1.399248347e-02 -1.775250374e-02
583 2.803569562e-03 -9.959610224e-03
584 1.837499137e-02 -1.003762427e-02
585 4.943905851e-03 -1.571357296e-02
586 1.760359587e-02 -4.815990557e-03
587 1.381007917e-02 -2.096826286e-02
588 1.100167950e-02 -1.245149360e-02
589 8.229311159e-03 -1.784397937e-02
590 1.022782259e-02 -7.085162255e-03
591 1.325013093e-02 -1.607441870e-02
592 1.037707483e-02 -9.768254424e-03
593 1.252516394e-02 -1.332471491e-02
594 1.692759813e-02 -7.568610636e-03
595 1.809945106e-02 -2.331272969e-02
596 7.166640977e-03 -1.406993764e-02
597 1.413778290e-02 -1.917448244e-02
598 3.762990390e-03 -1.275396204e-02
599 1.521788665e-02 -1.206859203e-02
600 9.125441963e-03 -1.461744212e-02
601 1.336950833e-02 -1.370110135e-02
602 1.030910141e-02 -1.211596065e-02
603 1.939175918e-02 -1.789024788e-02
604 1.441418321e-03 -2.261994207e-02
605 8.264857063e-03 -5.274636297e-03
606 1.231839862e-02 -1.600769594e-02
607 9.800332685e-03 -8.699666042e-03
608 1.616392542e-02 -1.663370712e-02
609 6.960914108e-03 -1.332193656e-02
610 1.711924972e-02 -1.341690099e-02
611 6.345903757e-03 -1.962264930e-02
612 1.138796511e-02 -7.350116031e-03
613 1.545462690e-02 -1.869286137e-02
614 9.897263897e-03 -1.541993453e-02
615 1.113115462e-02 -1.991136502e-02
616 5.859756137e-03 -1.396031320e-02
617 1.476818054e-02 -1.930477424e-02
618 -2.699427968e-03 -2.587419429e-02
619 -6.415560769e-03 -2.346664902e-03
620 1.710758447e-02 -2.607521913e-03
621 8.776668608e-03 -1.983530037e-02
622 5.027042186e-03 -5.911030034e-03
623 1.150027011e-02 -1.491118847e-02
624 3.719560070e-03 -5.462714803e-03
625 1.879186835e-02 -1.235100941e-02
626 2.172127139e-03 -1.540298020e-02
627 1.294620334e-02 -6.875459701e-03
628 6.270491919e-03 -1.628671184e-02
629 8.593789296e-03 -6.569033746e-03
630 7.214353018e-03 -1.385739816e-02
631 6.534707867e-03 -2.290644274e-03
632 1.715764684e-02 -8.958015244e-03
633 1.106895543e-02 -1.230428448e-02
634 1.259252435e-02 -1.122422229e-02
635 1.159373221e-02 -1.393183821e-02
636 7.639501427e-03 -1.483349437e-02
637 5.354086480e-03 -8.530763519e-03
638 1.188418683e-02 -8.538362272e-03
639 7.955252011e-03 -1.015881859e-02
640 1.465661461e-02 -5.778264285e-03
641 1.381625809e-02 -1.778683505e-02
642 4.893684293e-03 -1.027110459e-02
643 1.412899732e-02 -1.094053117e-02
644 5.199250621e-03 -1.595852049e-02
645 5.174701193e-03 -5.816698993e-03
646 1.069115360e-02 -7.111595571e-03
647 1.114442500e-02 -7.183370475e-03
648 1.357074201e-02 -9.353309392e-03
649 1.172428670e-02 -1.076402174e-02
650 1.240684431e-02 -1.112490437e-02
651 1.056337459e-02 -1.206192276e-02
652 9.973342771e-03 -1.220304293e-02
653 7.147086642e-03 -7.988000748e-03
654 1.741455191e-02 -9.229794073e-03
655 5.307863769e-03 -1.716244742e-02
656 1.325443337e-02 -2.781133701e-04
657 1.953060902e-02 -2.391267830e-02
658 -1.561612470e-03 -1.561980128e-02
659 6.335374739e-03 -1.177902971e-02
660 -7.312429369e-04 -5.805901670e-03
661 1.286159718e-02 -2.045041397e-03
662 1.335101758e-02 -9.960642705e-03
663 9.628638122e-03 -1.686522656e-02
664 -2.196475936e-03 -6.735011998e-03
665 1.248531342e-02 -2.084588522e-03
666 7.713699852e-03 -8.933865078e-03
667 9.187854907e-03 -5.434487840e-03
668 7.483444271e-03 -1.595860134e-03
669 2.111699964e-02 -3.815876139e-03
670 1.168141767e-02 -1.459406262e-02
671 1.155371514e-02 -9.765139901e-03
672 3.699413668e-03 -9.470435903e-03
673 1.517857484e-02 6.912917138e-04
674 1.444695105e-02 -1.464836740e-02
675 8.447202403e-03 -6.532848735e-03
676 1.261339217e-02 -8.659121736e-03
677 1.156473101e-02 -9.430327311e-03
678 5.736984734e-03 -7.707527374e-03
679 1.729383436e-02 8.465967215e-04
680 1.645210900e-02 -1.760124518e-02
681 6.595043530e-03 -5.106127371e-03
682 1.783892393e-02 -1.091144881e-02
683 7.165029690e-03 -1.035564234e-02
684 1.476916294e-02 -8.382669687e-03
685 7.396277550e-03 -1.158187220e-02
686 1.235163747e-02 -3.895655490e-03
687 1.362925650e-02 -1.142774826e-02
688 1.025566570e-02 -6.064136564e-03
689 1.948595079e-02 -8.575450747e-03
690 1.451004864e-02 -1.917310415e-02
691 4.001619592e-03 -1.605286609e-02
692 4.972591422e-03 -7.183144362e-03
693 8.580671365e-03 -9.043985054e-03
694 6.395466074e-03 -3.169245044e-03
695 2.029308034e-02 -7.049445991e-03
696 7.337217341e-03 -1.959951077e-02
697 4.503796402e-03 -5.715665627e-03
698 8.236542433e-03 -1.000052722e-02
699 6.519088090e-03 -3.795930955e-03
700 1.255235819e-02 -8.480770563e-03
701 6.892441591e-03 -9.457823144e-03
702 5.110896922e-03 -8.145646295e-03
703 3.063119977e-03 -2.099744878e-04
704 1.330236168e-02 2.886949720e-03
705 1.875997415e-02 -3.508533856e-03
706 1.526935266e-02 -1.217703688e-02
707 7.769963229e-03 -7.003651273e-03
708 1.369521141e-02 -6.026269491e-03
709 9.075008934e-03 -6.915431510e-03
710 1.475200042e-02 -2.809059601e-03
711 1.468381875e-02 -9.062044554e-03
712 1.428075629e-02 -6.548320733e-03
713 1.702146168e-02 -1.184017874e-02
714 1.074593872e-02 -1.628305541e-02
715 2.580884091e-03 -1.131000509e-02
716 8.288203143e-03 -2.352165866e-03
717 1.159715797e-02 -9.862413178e-03
718 6.180943108e-03 -5.606960849e-03
719 1.187713966e-02 -6.918874544e-03
720 5.111194916e-03 -7.405178376e-03
721 8.314231016e-03 -4.156100940e-04
722 1.486320445e-02 -1.528158022e-03
723 1.409738226e-02 -1.203062816e-02
724 1.149445938e-03 -2.382632928e-03
725 2.064979167e-02 7.956431178e-04
726 4.915218339e-03 -1.290677077e-02
727 1.296917752e-02 1.227358296e-02
728 2.680564973e-02 -1.165588474e-02
729 1.103865252e-02 -5.564477163e-03
730 2.511314142e-02 -1.309622123e-02
731 3.166445843e-03 -1.987818315e-02
732 5.167214312e-03 -1.620114958e-03
733 1.377676902e-02 -4.933654039e-03
734 1.175820354e-02 -1.011844347e-02
735 6.228306656e-03 -7.277120765e-03
736 6.738649309e-03 -4.319742352e-03
737 7.018593250e-03 5.123570553e-03
738 2.641347435e-02 6.738139835e-04
739 1.290275464e-02 -1.782345289e-02
740 4.936514304e-03 2.434747077e-04
741 1.868530447e-02 -1.058039064e-03
742 1.509548789e-02 -6.070877319e-03
743 1.726056904e-02 -3.650262770e-03
744 1.881767373e-02 -8.296375142e-03
745 1.825522951e-02 -9.394420226e-03
746 1.577284405e-02 -1.789213974e-02
747 2.143536121e-03 -1.010129294e-02
748 1.438122249e-02 -4.057555166e-03
749 5.106237786e-03 -1.124896033e-02
750 1.065640118e-02 5.194116111e-03
751 1.985626184e-02 -7.244434985e-03
752 1.293550691e-02 -6.378425430e-03
753 1.525574518e-02 -6.877721144e-03
754 1.623306645e-02 -6.360765571e-03
755 1.549805291e-02 -1.231736695e-02
756 1.071485093e-02 -1.025866688e-02
757 7.509629475e-03 -7.977998073e-03
758 1.561102031e-02 -1.657723660e-03
759 9.751566908e-03 -1.637493430e-02
760 4.200724046e-03 8.173241443e-03
761 2.921895871e-02 -7.286276101e-03
762 5.207593035e-03 -9.890611540e-03
763 2.278104925e-02 5.166369717e-04
764 1.687794610e-02 -1.479965196e-02
765 1.548079728e-02 -8.549142086e-03
766 1.387124624e-02 -1.191414928e-02
767 1.502932933e-02 -1.022018140e-02
768 1.246093690e-02 -1.150897750e-02
769 1.679515762e-02 -1.406515095e-02
770 1.990666129e-03 -1.865271181e-02
771 5.284606318e-03 -3.742373284e-05
772 1.516032503e-02 -9.974721234e-03
773 5.335438649e-03 -1.052687346e-02
774 5.743487291e-03 -3.299446028e-03
775 1.175794576e-02 3.081342634e-04
776 1.847253024e-02 -4.535319632e-03
777 1.550407850e-02 -1.197230228e-02
778 1.032848819e-02 -1.013837644e-02
779 1.145240337e-02 -1.033412329e-02
780 6.455621485e-03 -1.065163285e-02
781 4.598721090e-03 -4.842116784e-03
782 9.526819607e-03 1.147117527e-03
783 1.650868280e-02 -3.490245770e-03
784 1.537212136e-02 -5.815038787e-03
785 1.584682331e-02 -1.247405159e-02
786 6.802191050e-03 -8.550632862e-03
787 1.372681399e-02 -9.597148204e-03
788 1.250848864e-03 -8.731906809e-03
789 1.269784448e-02 4.174238222e-04
790 7.728766079e-03 -9.612619994e-03
791 8.486713097e-03 1.220694927e-03
792 1.119439062e-02 -3.349208956e-03
793 1.405996369e-02 2.411433483e-03
794 1.849623244e-02 -7.003488087e-03
795 1.072028942e-02 -5.472967341e-03
796 1.582374636e-02 -2.382244889e-03
797 1.407148484e-02 -8.230333692e-03
798 1.222043221e-02 1.399172587e-03
799 2.723099050e-02 -8.508869055e-03
800 6.599078268e-03 -1.461514032e-02
801 1.906401922e-02 5.158623946e-05
802 1.339981336e-02 -1.835449165e-02
803 1.061557468e-02 -1.282061387e-03
804 1.709454076e-02 -1.611134379e-02
805 3.100239808e-03 -5.928446322e-03
806 1.460575752e-02 -4.819292584e-03
807 1.041537666e-02 -4.258227422e-03
808 1.884588551e-02 -6.172241465e-03
809 1.153352652e-02 -1.116549525e-02
810 1.339831609e-02 -5.925011346e-03
811 1.452021897e-02 -1.061495825e-02
812 1.029523252e-02 -1.173965839e-02
813 5.891339039e-03 -7.503985965e-03
814 1.229605812e-02 -1.683363331e-03
815 1.350498921e-02 -1.036659799e-02
816 7.657982805e-03 -3.013553846e-03
817 1.760525783e-02 -6.817394438e-03
818 5.652647742e-03 -5.959954910e-03
819 2.264549413e-02 2.979977392e-03
820 2.200996432e-02 -1.912515873e-02
821 8.200532282e-03 -1.650113896e-02
822 3.451352691e-03 -9.992951287e-03
823 1.206558850e-02 -2.054811874e-03
824 1.292497666e-02 -1.360875929e-02
825 5.247352669e-03 -8.080736997e-03
826 8.558303004e-03 -4.581983203e-03
827 1.392329183e-02 -5.207603774e-03
828 9.435443934e-03 -1.171048681e-02
829 9.002224859e-03 -5.194544144e-03
830 7.732750666e-03 -1.059694540e-02
831 5.251311752e-03 -4.403724447e-04
832 1.374071571e-02 -3.889952689e-03
833 1.072421754e-02 -4.051244508e-03
834 1.528795843e-02 -5.177544529e-03
835 1.281445092e-02 -1.100014417e-02
836 5.132505789e-03 -6.852860948e-03
837 1.524571973e-02 -1.036088275e-03
838 1.225740558e-02 -1.404342902e-02
839 6.090825922e-03 -5.078306357e-03
840 9.321691903e-03 -6.353273834e-03
841 1.155825474e-02 -1.161278323e-03
842 1.435987652e-02 -1.129191272e-02
843 6.436171251e-03 -5.322090679e-03
844 1.361586990e-02 -7.729138219e-03
845 7.272677514e-03 -8.975977843e-03
846 7.325510672e-03 -8.080003682e-03
847 4.299164263e-03 -3.632875341e-03
848 9.187825878e-03 -3.551383771e-03
849 4.912281395e-03 -2.914584823e-03
850 8.816549980e-03 4.098890947e-03
851 1.968177046e-02 2.006162522e-03
852 1.936623850e-02 -1.276080236e-02
853 5.366230690e-03 -1.266335051e-02
854 4.377708996e-03 -3.665155838e-03
855 7.559556761e-03 -2.724836017e-03
856 5.347587489e-03 1.443008494e-03
857 1.718682445e-02 3.671558033e-03
858 1.228411370e-02 -7.038938190e-03
859 1.422447108e-02 1.727289544e-03
860 1.370642380e-02 -8.722642747e-03
861 1.259883060e-02 3.247496537e-03
862 2.099233239e-02 -9.836540824e-03
863 1.140748895e-02 -5.495383471e-03
864 1.730631390e-02 -1.281012964e-02
865 4.817431159e-03 -9.094346288e-03
866 8.986028549e-03 -8.287202389e-03
867 3.434135381e-03 4.657266423e-04
868 1.737288449e-02 -4.550130569e-03
869 2.102877041e-03 -4.382317424e-03
870 1.836651540e-02 4.590210985e-03
871 1.417591490e-02 -1.106431993e-02
872 9.664780217e-03 -3.745683722e-03
873 1.140741614e-02 -4.637080774e-03
874 1.286958382e-02 -3.826867625e-03
875 1.070697183e-02 -7.445425142e-03
876 7.454741908e-03 -1.901113495e-03
877 1.488765944e-02 1.543887434e-04
878 1.363843086e-02 -7.225658427e-03
879 1.092372258e-02 -1.593801074e-03
880 1.570113906e-02 -6.451547510e-03
881 7.763328267e-03 -4.628503250e-03
882 1.211640974e-02 7.058554624e-04
883 1.723913277e-02 3.440840221e-03
884 2.864518113e-02 -6.425809864e-03
885 1.791510030e-02 -1.943799832e-02
886 7.505663754e-03 -1.583507542e-02
887 6.254286220e-03 -6.769964832e-03
888 1.244495736e-02 -1.192401827e-02
889 -3.550472816e-03 -9.735219263e-03
890 8.265631343e-03 9.528789210e-03
891 2.203394212e-02 -6.892655793e-03
892 5.656859652e-03 -1.271625600e-02
893 7.143150878e-03 1.848119700e-03
894 1.805974543e-02 -5.694583843e-03
895 7.646901238e-03 -1.212665646e-02
896 3.072143634e-03 -1.318019361e-03
897 1.558895372e-02 2.844512121e-03
898 1.543253953e-02 -1.130082670e-02
899 5.971772802e-03 -4.652269532e-03
900 1.240519252e-02 -4.840546056e-03
901 7.379579791e-03 -3.302042618e-03
902 1.510530370e-02 -6.986829030e-04
903 1.640311085e-02 -8.990303942e-03
904 6.639159064e-03 -1.232790085e-02
905 6.455219033e-03 -1.315974164e-04
906 1.138495814e-02 -8.117000667e-03
907 5.220300004e-03 3.623044195e-03
908 2.366042268e-02 -6.844690442e-03
909 9.936294550e-04 -1.066046656e-02
910 1.653210751e-02 3.068043838e-03
911 1.195191707e-02 -1.478420358e-02
912 5.914567110e-03 -4.839075892e-03
913 7.062569153e-03 -6.441562266e-03
914 7.875314808e-03 5.155842577e-05
915 1.492212288e-02 -5.658096355e-03
916 5.443643129e-03 -1.148655965e-02
917 2.521407710e-03 1.252753994e-03
918 1.282470078e-02 -4.074917662e-03
919 -7.229597145e-05 -2.865881732e-03
920 1.104758742e-02 7.669576687e-03
921 1.360400030e-02 4.743947985e-04
922 1.805599491e-02 -9.873190608e-05
923 1.383418304e-02 -8.932378858e-03
924 7.581194834e-03 -3.819392536e-03
925 1.334706390e-02 4.509832966e-03
926 2.728388981e-02 -1.058117559e-02
927 2.829785424e-04 -2.095396824e-02
928 1.876761372e-03 3.747485488e-03
929 1.006724987e-02 -1.728112070e-03
930 1.403606876e-02 1.333547979e-03
931 1.374327535e-02 -1.009984957e-02
932 7.697503347e-03 -5.255710284e-03
933 6.788376846e-03 -7.314883892e-03
934 6.646986106e-03 6.743041935e-04
935 1.162880813e-02 -6.551991859e-03
936 2.534112663e-03 -5.561029815e-03
937 -3.231176916e-04 1.827722332e-03
938 1.036616737e-02 1.326499486e-02
939 1.923949228e-02 -2.391483172e-03
940 9.129303572e-03 2.222637345e-03
941 1.926760174e-02 -3.930099341e-03
942 2.171615902e-03 -1.388990426e-03
943 2.116523467e-02 9.917801970e-03
944 1.879936836e-02 -9.775742615e-03
945 1.201177150e-02 -2.414196233e-03
946 1.392784103e-02 -3.043063118e-03
947 1.874277753e-02 -1.940628502e-03
948 1.478715876e-02 -1.097895029e-02
949 1.444327914e-02 -4.761911184e-03
950 1.167910228e-02 -1.524690894e-02
951 4.992302250e-03 -3.275889380e-03
952 1.122633794e-02 -1.009829376e-02
953 8.935086799e-04 -1.951375266e-03
954 1.179962315e-02 -1.144321282e-03
955 7.311581171e-03 -7.040994125e-04
956 1.414335953e-02 -1.959609169e-03
957 1.148193845e-02 -1.991346323e-03
958 1.479509770e-02 -1.078705972e-02
959 -1.191796187e-03 -2.366244532e-03
960 1.736846931e-02 1.237558595e-03
961 3.867127647e-03 -6.191252435e-03
962 1.862723182e-02 5.449138371e-03
963 1.401421003e-02 -1.726308010e-02
964 5.492500578e-04 -6.008441225e-03
965 3.735909111e-03 -7.964030308e-04
966 8.511254805e-03 1.492345554e-03
967 6.414032522e-03 -5.690137622e-05
968 1.298748089e-02 3.966717293e-03
969 1.089125978e-02 -2.313252558e-03
970 1.726285967e-02 1.359728825e-03
971 1.074232890e-02 -1.402348869e-02
972 2.312380171e-03 1.502042938e-03
973 1.270103418e-02 -3.563797863e-03
974 3.301773403e-03 -1.537585059e-03
975 1.042356065e-02 2.209154084e-03
976 8.786269877e-03 -8.742186640e-04
977 1.030029543e-02 1.726862318e-04
978 7.081513406e-03 -1.829216716e-03
979 7.118081794e-03 4.528625412e-03
980 1.135869301e-02 2.125392568e-03
981 8.467033246e-03 5.235751676e-03
982 1.670038446e-02 4.830968190e-03
983 1.223926973e-02 1.287469754e-03
984 1.847985404e-02 4.518822660e-03
985 1.656369006e-02 -3.477165488e-03
986 1.764098228e-02 -2.062945905e-03
987 9.547409477e-03 -1.082975290e-02
988 3.904988180e-03 5.728867354e-03
989 1.771207442e-02 2.965683074e-03
990 1.096015538e-02 -2.169756071e-04
991 1.536666840e-02 5.417553240e-03
992 1.889712278e-02 1.110770442e-03
993 1.918789798e-02 5.464349622e-04
994 2.322789156e-02 -5.184733999e-03
995 1.286210078e-02 -1.156642130e-02
996 1.005828122e-02 9.612316458e-04
997 2.139588411e-02 -2.863327905e-03
998 1.304356760e-02 -1.108044995e-02
999 8.103733882e-03 -1.145148188e-03
1000 1.808854484e-02 1.037248662e-03
1001 1.927645658e-02 -7.092525364e-03
1002 1.424872760e-02 -1.048503738e-02
1003 7.321463960e-03 -5.426421767e-03
1004 1.820300970e-02 1.786854267e-03
1005 2.112600225e-02 -1.598737321e-02
1006 3.031984413e-03 -1.442268664e-02
1007 4.175214864e-03 -3.718687826e-03
1008 7.223079796e-03 6.418808522e-04
1009 1.674011015e-02 -2.600854573e-03
1010 6.446883286e-03 -9.909449830e-03
1011 1.003167759e-02 3.231588495e-03
1012 1.301139500e-02 -1.063059608e-02
1013 1.806232032e-03 2.051159788e-03
1014 1.679640006e-02 -1.261586112e-03
1015 3.727958889e-03 1.138220904e-03
1016 2.544004861e-02 7.606435806e-03
1017 1.776937105e-02 -1.414556156e-02
1018 1.369419607e-02 -8.258647572e-05
1019 2.587058579e-02 -1.234740142e-02
1020 9.051593777e-03 -2.340944892e-02
1021 -1.104990571e-03 -8.310757171e-03
1022 1.181546058e-02 -6.533455180e-03
1023 1.309360251e-03 -1.555225341e-02
1024 -2.906847441e-03 -1.939946827e-03
1025 2.483531792e-03 1.475705079e-03
1026 7.840036034e-03 4.410382177e-03
1027 1.376324603e-02 1.446097927e-03
1028 1.696454908e-02 -7.743704021e-03
1029 3.481149895e-03 -1.188689442e-02
1030 5.566744451e-03 -1.111214157e-03
1031 6.196064615e-03 -7.763130360e-03
1032 1.275016644e-03 -1.705787537e-03
1033 6.519393126e-03 6.839208491e-04
1034 8.650178351e-03 -5.161789445e-03
1035 -3.021684149e-03 -4.815245497e-03
1036 2.440139588e-03 8.751863857e-03
1037 9.401765231e-03 2.241883467e-03
1038 6.238587978e-03 1.099218546e-03
1039 3.982767222e-03 5.054310558e-03
1040 1.382512177e-02 7.744159679e-03
1041 1.100242019e-02 -2.576845706e-03
1042 8.382736945e-03 3.294391267e-03
1043 8.435654218e-03 2.101412976e-03
1044 1.350254065e-02 8.889090985e-03
1045 2.117682118e-02 -1.194308127e-03
1046 1.615344998e-02 -1.035285861e-02
1047 9.160471970e-05 -1.101510723e-02
1048 3.582707016e-03 7.304010753e-03
1049 1.147021833e-02 -3.205318263e-03
1050 1.955828327e-03 1.642634292e-03
1051 9.490748343e-03 6.096418241e-03
1052 1.307962619e-02 3.607011112e-04
1053 3.958545593e-03 -2.426456708e-03
1054 7.382355510e-03 8.253812200e-03
1055 7.351936885e-03 2.542487400e-03
1056 1.301417792e-02 1.613190002e-02
1057 2.621066760e-02 -3.500596118e-03
1058 7.793641772e-03 -6.525172305e-03
1059 7.033413295e-03 -4.482042781e-04
1060 8.459937384e-03 6.083659634e-03
1061 1.229901464e-02 -7.045587037e-04
1062 5.806625576e-03 8.493899390e-03
1063 1.998212531e-02 4.313863603e-03
1064 8.850446441e-03 2.001264210e-03
1065 2.067532214e-02 8.077975091e-03
1066 1.956399056e-02 -5.946856992e-03
1067 1.020606785e-02 -4.848177873e-03
1068 9.299854617e-03 3.209009786e-03
1069 1.712666044e-02 1.193768537e-03
1070 1.177172526e-02 -4.244854120e-04
1071 1.907141383e-02 1.590765660e-03
1072 1.395921871e-02 -7.498847487e-03
1073 1.284034041e-02 -1.106799670e-04
1074 1.446159097e-02 -9.455562194e-03
1075 8.156798581e-04 -1.774316466e-03
1076 1.399848249e-02 7.933552219e-03
1077 1.754620551e-02 -2.688349009e-03
1078 1.360697452e-02 -5.185435265e-03
1079 8.875704089e-03 -2.755376743e-03
1080 1.637239752e-02 -2.346469580e-03
1081 4.597342343e-03 -1.011366364e-02
1082 8.344372000e-03 7.441586565e-03
1083 1.530046198e-02 -7.472874107e-03
1084 4.534219979e-03 -1.162431029e-04
1085 1.153259324e-02 -1.667296351e-03
1086 9.204790478e-03 1.751099808e-03
1087 1.334173476e-02 -7.243084697e-03
1088 5.128751040e-04 -1.027199411e-03
1089 8.628870303e-03 9.474285216e-04
1090 1.546378739e-03 5.932892928e-03
1091 1.554071690e-02 8.226370317e-03
1092 9.950961042e-03 3.728376628e-03
1093 2.109729712e-02 7.683496847e-03
1094 2.020643935e-02 -7.360454567e-03
1095 1.048990331e-02 -9.160100068e-03
1096 3.397400979e-03 -1.442987970e-03
1097 1.277336908e-02 3.302985923e-03
1098 1.097411345e-02 -4.104612489e-03
1099 7.691437739e-03 -1.298570351e-03
1100 7.231549863e-03 1.361820179e-03
1101 9.489719639e-03 2.751460280e-03
1102 1.251781309e-02 5.951304641e-03
1103 1.992749560e-02 -5.136277575e-03
1104 1.684101963e-03 -6.543648050e-03
1105 1.066900811e-02 6.223759378e-03
1106 1.009357288e-02 -4.102501046e-03
1107 7.330317142e-03 1.179898074e-03
1108 4.943443785e-03 -3.233428589e-04
1109 6.110417067e-03 9.477325550e-03
1110 1.514521897e-02 6.851766376e-03
1111 1.529203299e-02 1.147737599e-03
1112 1.025831194e-02 2.896408167e-04
1113 1.233913204e-02 4.981770900e-03
1114 1.697449714e-02 1.841519882e-03
1115 1.329359516e-02 -6.800170777e-03
1116 1.526741771e-03 4.854428453e-03
1117 2.428158761e-02 7.595710975e-03
1118 9.924061738e-03 -1.241448715e-02
1119 8.911377564e-03 5.869372798e-03
1120 1.032575140e-02 -6.374749713e-03
1121 6.165794861e-03 8.177221224e-03
1122 1.547369024e-02 -1.678870827e-03
1123 8.022676330e-03 3.165849296e-03
1124 1.160832776e-02 -2.208978730e-03
1125 5.388885802e-03 6.777182236e-03
1126 1.286562202e-02 2.214526209e-03
1127 8.496724379e-03 1.302209548e-02
1128 2.735656963e-02 1.577997390e-03
1129 9.009125805e-03 -1.961212818e-03
1130 2.060156947e-02 -1.603118148e-04
1131 3.889260093e-03 -2.593698890e-03
1132 2.225516288e-02 7.343503016e-03
1133 6.002665124e-03 -1.368482261e-02
1134 4.811387661e-03 2.003062707e-02
1135 3.490126186e-02 6.401819722e-04
1136 8.789852803e-03 -1.552675456e-02
1137 5.457807062e-03 7.691446755e-03
1138 2.168157471e-02 2.169392096e-03
1139 1.542771868e-02 -2.663668743e-03
1140 2.067502345e-02 -7.306407694e-03
1141 3.255860802e-03 -1.048958196e-02
1142 1.261326226e-02 5.733447439e-03
1143 1.429425465e-02 -1.145706952e-02
1144 1.039125636e-03 -2.290672433e-03
1145 8.988442977e-03 4.868056332e-03
1146 1.625701857e-02 7.950936387e-04
1147 1.105940146e-02 -7.881892707e-03
1148 5.284748882e-03 -2.346792352e-03
1149 5.837711355e-03 1.062207521e-03
1150 1.254947191e-02 3.242709984e-03
1151 9.151700449e-03 -7.369984876e-03
1152 5.412896919e-04 2.342912891e-03
1153 7.899549083e-03 6.012856298e-03
1154 1.021516188e-02 6.305728564e-03
1155 1.380442249e-02 1.677348058e-03
1156 7.283902889e-03 1.355607034e-03
1157 1.185582140e-02 7.316552454e-03
1158 1.472144094e-02 7.626970572e-04
1159 1.107561460e-02 1.434219877e-03
1160 9.776004442e-03 -6.048795273e-04
1161 7.206705988e-03 1.016124513e-02
1162 2.366995867e-02 3.618862721e-03
1163 8.917489422e-03 -2.414098055e-03
1164 2.070809820e-02 5.622424785e-03
1165 1.396334057e-02 -9.366233862e-03
1166 1.208370336e-02 -1.593397090e-03
1167 5.258028441e-03 -5.869690546e-03
1168 1.290157895e-02 6.650555631e-03
1169 9.913480615e-03 -1.159755259e-02
1170 -3.236264392e-04 6.956708404e-03
1171 1.316866023e-02 3.416446847e-03
1172 9.106928128e-03 3.374202430e-03
1173 9.135952256e-03 9.454339541e-04
1174 8.519568870e-03 9.470019954e-03
1175 1.666904773e-02 5.627882367e-03
1176 1.916135791e-02 3.319493885e-03
1177 1.322804840e-02 -8.294428993e-03
1178 5.793240904e-03 5.052013454e-03
1179 1.290875219e-02 3.060833643e-03
1180 1.619696840e-02 1.064013999e-02
1181 2.535756229e-02 -6.909632025e-03
1182 8.431590824e-03 -4.530074416e-03
1183 1.382484040e-02 -2.707685911e-03
1184 1.156921279e-02 1.896468974e-03
1185 1.925966990e-02 -9.401164560e-03
1186 9.227420227e-05 -5.620229833e-03
1187 1.193235752e-02 3.057118521e-03
1188 9.232860618e-03 -2.426015887e-03
1189 1.074058894e-02 -1.819758792e-03
1190 8.171813186e-03 5.949804846e-04
1191 1.501741889e-02 -5.893278003e-03
1192 -2.265407850e-03 -6.903192727e-03
1193 4.551633617e-03 7.991657374e-03
1194 9.017365422e-03 1.439094990e-03
1195 5.084835965e-03 2.710607327e-03
1196 7.530545434e-03 8.679358332e-03
1197 1.360432067e-02 4.844719556e-03
1198 1.207814932e-02 6.137799078e-03
1199 1.909282762e-02 -3.019021237e-05
1200 1.057593210e-02 -3.569257848e-03
1201 1.063481895e-02 -4.340412010e-03
1202 1.460929942e-03 6.669799316e-04
1203 1.036126735e-02 4.752530730e-03
1204 4.895423258e-03 5.812958947e-03
1205 2.202825764e-02 8.486024891e-03
1206 1.142569730e-02 -1.269049315e-02
1207 7.713699294e-04 5.267488033e-03
1208 1.353341315e-02 4.331439786e-03
1209 9.265967159e-03 8.828349158e-04
1210 1.029792814e-02 2.353852067e-03
1211 7.959675779e-03 3.611403388e-03
1212 1.597196413e-02 7.126887527e-03
1213 1.576471553e-02 -5.702094254e-03
1214 8.130851670e-03 -1.526697322e-04
1215 1.259186161e-02 -6.221867785e-03
1216 -1.921941174e-03 -2.388181065e-03
1217 6.763837946e-03 6.525307851e-03
1218 5.217325936e-03 3.248783283e-03
1219 9.508002094e-03 6.210685643e-03
1220 5.365673118e-03 2.656789981e-03
1221 8.237786678e-03 1.107808153e-02
1222 1.245931607e-02 5.641283492e-03
1223 1.063009875e-02 1.018511899e-02
1224 2.237565248e-02 6.616951756e-03
1225 1.481570960e-02 -6.456370580e-03
1226 6.498948501e-03 1.701332294e-03
1227 1.051348827e-02 6.250292019e-03
1228 1.982697765e-02 6.440535989e-03
1229 1.655649264e-02 -1.060991280e-02
1230 2.902351486e-03 8.271278906e-04
1231 1.423926774e-02 -1.274304931e-04
1232 4.667514637e-03 -8.172877169e-04
1233 1.049052956e-02 3.473886138e-03
1234 9.808022865e-03 3.806528295e-03
1235 1.698165647e-02 -1.970911329e-03
1236 5.671483354e-03 -4.704669928e-03
1237 1.055659788e-02 -3.298314631e-03
1238 -3.382539900e-03 -6.319491504e-03
1239 -2.345195818e-04 8.835951168e-03
1240 3.770812773e-03 7.613013300e-03
1241 9.406894638e-03 9.162702932e-03
1242 6.072323348e-03 4.209809471e-03
1243 9.206280938e-03 1.091560362e-02
1244 1.130416347e-02 3.151137450e-03
1245 5.113139951e-03 7.202238023e-03
1246 1.133979756e-02 1.190888866e-02
1247 1.617873570e-02 6.234518008e-03
1248 1.285783374e-02 3.086275341e-03
1249 1.198471990e-02 2.764326925e-03
1250 1.148382616e-02 3.433566098e-03
1251 1.008451902e-02 -1.467655827e-03
1252 2.012571038e-03 6.567661520e-03
1253 1.332483196e-02 9.316871292e-03
1254 1.039992431e-02 4.587915695e-03
1255 1.286445500e-02 3.263084781e-03
1256 3.943152462e-03 4.875547551e-03
1257 1.455146753e-02 1.030201244e-02
1258 6.503081824e-03 1.143914563e-03
1259 8.650458631e-03 1.788885438e-02
1260 2.331146587e-02 9.004096765e-03
1261 1.651386514e-02 -1.152490756e-04
1262 1.170853531e-02 5.631000712e-03
1263 2.206772184e-02 4.448420349e-03
1264 1.340753871e-02 -8.782688895e-03
1265 4.840358209e-03 3.725699657e-03
1266 1.637812473e-02 2.963638162e-03
1267 6.320474196e-03 -5.233073454e-03
1268 4.372364308e-03 1.021800151e-02
1269 1.633909737e-02 3.938233615e-03
1270 8.178347171e-03 3.548074949e-03
1271 1.579865415e-02 2.759219317e-03
1272 6.025659786e-03 -5.388281077e-04
1273 1.123143556e-02 6.103316215e-03
1274 8.436412218e-03 9.263997737e-04
1275 9.271794762e-03 5.714741229e-03
1276 9.660019013e-03 3.452460682e-03
1277 9.180011064e-03 2.941278915e-03
1278 5.055986743e-03 7.166043967e-03
1279 1.602712244e-02 8.254144128e-03
1280 9.087106307e-03 -3.130025563e-03
1281 1.548055289e-03 5.240943608e-03
1282 3.555359857e-03 1.328713187e-02
1283 1.370202332e-02 1.687221771e-02
1284 2.147167539e-02 1.053712427e-02
1285 1.856503321e-02 -4.470249022e-03
1286 -6.154658935e-05 5.332684136e-03
1287 1.783400984e-02 1.514696036e-02
1288 1.661145113e-02 3.432502958e-03
1289 1.667044166e-02 1.656996279e-03
1290 6.307733767e-03 5.746902834e-03
1291 2.540542319e-02 8.330007833e-03
1292 9.292944108e-03 -9.876445281e-03
1293 9.830815195e-03 6.781930734e-03
1294 5.411389723e-03 -1.720288739e-03
1295 9.683491432e-03 1.388621927e-02
1296 1.161779703e-02 3.049000433e-03
1297 1.709186800e-02 1.293763272e-02
1298 1.438450226e-02 -7.613202096e-03
1299 4.392891710e-03 1.230071881e-02
1300 1.820603376e-02 2.811639734e-03
1301 9.803193627e-03 8.011429935e-03
1302 1.718292157e-02 1.520999190e-04
1303 5.977694120e-03 8.677544604e-03
1304 2.372004269e-02 5.072565033e-03
1305 7.601694181e-03 -4.688132284e-03
1306 1.015009996e-02 1.038044851e-02
1307 1.872368976e-02 1.247209442e-03
1308 6.120738559e-03 -1.948594487e-03
1309 8.786643005e-03 1.137245071e-02
1310 1.568416645e-02 6.210342342e-03
1311 1.922275422e-02 8.171123207e-03
1312 2.057299158e-02 -9.784914115e-03
1313 -6.598249981e-04 -7.236956517e-04
1314 1.461265251e-02 7.460652971e-03
1315 7.699919253e-03 -6.439978714e-04
1316 1.309904062e-02 8.392956961e-03
1317 1.198064686e-02 -3.820739550e-03
1318 4.408589131e-03 8.147933239e-03
1319 1.907612189e-02 5.896209731e-03
1320 1.235223125e-02 -3.801034429e-03
1321 8.189386084e-03 -2.607735480e-03
1322 5.767884953e-04 6.218352183e-04
1323 4.406593145e-03 1.017171863e-02
1324 9.011788034e-03 9.678659796e-03
1325 1.276071687e-02 8.654549890e-03
1326 1.260412368e-02 7.379655598e-03
1327 1.758621460e-02 2.877926090e-03
1328 6.530291188e-03 -4.142437309e-04
1329 1.318136780e-02 7.564804313e-03
1330 8.472426791e-03 -3.100218580e-03
1331 4.584858287e-03 7.266712164e-03
1332 6.534663321e-03 7.878488516e-03
1333 1.593312690e-02 1.215328376e-02
1334 1.130250329e-02 -3.412811463e-03
1335 6.824169387e-03 1.127076259e-02
1336 1.356142004e-02 -9.862245951e-04
1337 2.547134361e-04 1.058989318e-02
1338 1.749923538e-02 1.065152753e-02
1339 9.817942057e-03 4.022405962e-03
1340 1.268432466e-02 6.015826277e-03
1341 5.876439620e-03 4.707823267e-03
1342 9.747140828e-03 1.512419686e-02
1343 2.071401099e-02 1.017073517e-02
1344 1.747475356e-02 -3.996802311e-04
1345 9.350486143e-03 8.974706856e-04
1346 9.701156125e-03 6.750559992e-03
1347 1.576602805e-02 2.440084593e-03
1348 2.153543198e-03 -1.413964488e-03
1349 6.733161485e-03 1.666681271e-02
1350 1.596714478e-02 5.756122391e-03
1351 9.940699042e-03 1.011027652e-02
1352 1.829285605e-02 7.457683867e-03
1353 1.697968416e-02 2.761324251e-03
1354 1.087130505e-02 -4.103212484e-03
1355 4.621863838e-03 8.604865762e-03
1356 1.718105308e-02 3.121559790e-03
1357 2.504429129e-03 -7.011206733e-04
1358 5.308692628e-03 1.393971808e-02
1359 1.792238776e-02 9.584498272e-03
1360 8.749784326e-03 -2.482518505e-03
1361 1.868281319e-03 1.511617880e-02
1362 1.992374826e-02 1.251869204e-02
1363 1.421295924e-02 4.916647092e-03
1364 1.551248056e-02 5.117147868e-03
1365 1.383314954e-02 3.512662791e-03
1366 1.099295750e-02 -2.557957717e-03
1367 -2.839806404e-04 9.920485699e-03
1368 2.062694084e-02 1.257036531e-02
1369 9.116988450e-03 -3.808604453e-03
1370 5.405992623e-03 1.132449436e-02
1371 1.166885305e-02 7.612841960e-03
1372 8.647147626e-03 1.139329501e-02
1373 1.588286098e-02 1.329625462e-02
1374 2.044581062e-02 7.383864242e-03
1375 1.694700069e-02 -2.563874569e-04
1376 8.799542057e-03 6.709809069e-05
1377 4.703421576e-03 7.924646734e-03
1378 1.394998215e-02 1.577130479e-02
1379 2.127831288e-02 4.895057275e-03
1380 1.320052735e-02 3.394623274e-03
1381 1.743593858e-02 2.204385462e-03
1382 6.632111666e-03 -9.723873275e-06
1383 1.267028555e-02 1.063408605e-02
1384 1.236476007e-02 2.328687863e-03
1385 1.380685368e-02 1.265846655e-02
1386 2.437052327e-02 1.368104782e-03
1387 1.680812185e-02 -6.320256145e-03
1388 5.416799876e-03 -9.385563210e-03
1389 2.513407402e-03 6.613336699e-03
1390 1.184551022e-02 -1.712095138e-03
1391 -1.061903695e-03 2.390383593e-03
1392 5.971447677e-03 6.667676163e-03
1393 2.663366890e-03 9.491033781e-03
1394 1.096658164e-02 1.002714499e-02
1395 9.489214591e-03 8.810128799e-03
1396 1.368766191e-02 2.130820260e-03
1397 1.011833631e-03 5.686326491e-03
1398 1.323311448e-02 7.342428379e-03
1399 -3.400829321e-03 2.166826505e-03
1400 7.685167461e-03 2.157364150e-02
1401 1.133471199e-02 4.859875625e-03
1402 3.048603405e-03 1.603565526e-02
1403 1.480911644e-02 1.678354772e-02
1404 1.706011455e-02 1.162991379e-02
1405 1.501090776e-02 7.285460800e-03
1406 1.546528145e-02 8.513494166e-03
1407 1.279608752e-02 2.596910843e-03
1408 9.438071577e-03 9.551915197e-03
1409 1.492912477e-02 5.462212566e-03
1410 8.595879412e-03 5.704177089e-03
1411 1.142990741e-02 6.446368512e-03
1412 6.383852394e-03 6.745316076e-03
1413 1.053724565e-02 1.031522009e-02
1414 6.743724301e-03 6.091677339e-03
1415 4.136134272e-03 1.548692470e-02
1416 1.247219805e-02 1.959521526e-02
1417 2.124764947e-02 1.616833647e-02
1418 2.011218604e-02 5.103592557e-03
1419 1.373804328e-02 8.720672455e-03
1420 2.006425664e-02 5.452844662e-03
1421 9.279647441e-03 1.464608660e-03
1422 1.188441351e-02 1.215294400e-02
1423 1.581190000e-02 4.723168854e-03
1424 9.223267873e-03 7.857134851e-03
1425 1.386036647e-02 1.091903624e-02
1426 1.664446786e-02 9.717153893e-03
1427 1.709376295e-02 3.046869612e-03
1428 8.012735309e-03 7.467274022e-03
1429 1.973504359e-02 1.291344969e-02
1430 1.838736079e-02 -1.999437802e-05
1431 1.250457704e-02 5.225630975e-03
1432 1.762650758e-02 2.221093318e-03
1433 1.042507352e-02 -1.520267132e-03
1434 9.396981648e-03 4.143691669e-03
1435 9.280617938e-03 2.566552807e-05
1436 3.010178436e-03 7.463569281e-03
1437 1.246190733e-02 5.460912118e-03
1438 -3.365784970e-03 5.277419725e-03
1439 1.011681859e-02 2.480552780e-02
1440 1.814727368e-02 9.839492239e-03
1441 1.794369725e-02 1.416032791e-02
1442 2.267928949e-02 1.016524978e-03
1443 1.404242945e-02 3.404048258e-05
1444 6.568199955e-03 -5.478215151e-03
1445 -1.980873161e-03 1.554728353e-02
1446 2.338134047e-02 1.177834558e-02
1447 6.953138203e-03 -3.490817637e-03
1448 5.342479699e-03 1.421659539e-02
1449 1.538324399e-02 8.375544993e-03
1450 8.227713618e-03 8.458046977e-03
1451 1.722290662e-02 1.305977761e-02
1452 1.615347775e-02 8.246923913e-04
1453 9.492229105e-03 7.087281247e-03
1454 1.664297710e-02 4.409843764e-03
1455 8.505624995e-03 -1.806503788e-03
1456 1.680555589e-03 8.914741004e-03
1457 1.636537510e-02 1.380557457e-02
1458 1.398667883e-02 -8.119585161e-04
1459 1.088335986e-02 3.998629329e-03
1460 3.420498016e-03 -7.162136975e-03
1461 -7.945746762e-03 1.566618936e-02
1462 1.203363206e-02 1.512752079e-02
1463 7.370614834e-03 1.459070667e-02
1464 1.876588358e-02 9.024583728e-03
1465 5.212798469e-03 3.801640112e-03
1466 8.139833239e-03 1.163596319e-02
1467 7.519527871e-03 1.203215295e-02
1468 1.371651835e-02 1.227435028e-02
1469 1.206037925e-02 8.280233848e-03
1470 1.077967343e-02 4.089885106e-03
1471 1.193455697e-03 1.063061784e-02
1472 1.205048843e-02 1.426675826e-02
1473 5.553822386e-03 9.825082709e-03
1474 8.685271312e-03 1.755827717e-02
1475 1.217449864e-02 1.895950062e-02
1476 2.268619862e-02 1.354334301e-02
1477 1.198941680e-02 6.220002641e-03
1478 1.830876206e-02 1.292749692e-02
1479 1.229466028e-02 -3.343073525e-04
1480 4.325547397e-03 1.309597681e-02
1481 1.355814761e-02 1.433197526e-02
1482 1.363533884e-02 1.320615354e-02
1483 1.718029857e-02 1.296898409e-02
1484 1.844857908e-02 7.941953673e-03
1485 1.414723221e-02 6.479487515e-03
1486 1.365593004e-02 7.509523757e-03
1487 1.195851046e-02 9.992772592e-03
1488 1.817368543e-02 1.088320325e-02
1489 1.895850453e-02 4.629032155e-03
1490 1.509376501e-02 -1.817585638e-03
1491 2.779398565e-03 3.985907983e-03
1492 1.446793633e-02 1.207440019e-02
1493 9.391513156e-03 -1.110247014e-03
1494 2.385366708e-03 1.374953098e-02
1495 1.622709296e-02 1.311994794e-02
1496 1.248370562e-02 7.106675369e-03
1497 1.421005196e-02 9.943723383e-03
1498 1.521688778e-02 4.130095873e-03
1499 9.783678200e-03 3.388873015e-03
1500 6.146226050e-03 7.322741219e-03
1501 1.407559698e-02 1.425854153e-02
1502 1.754129845e-02 -2.613108552e-03
1503 -1.271858775e-03 4.922827515e-03
1504 1.308770323e-02 1.182828633e-02
1505 6.891590338e-03 4.569860802e-03
1506 1.290443134e-02 8.496312799e-03
1507 3.389968772e-03 -2.259543327e-03
1508 -3.378703398e-03 1.355793983e-02
1509 6.512905667e-03 1.903630821e-02
1510 1.596247239e-02 1.637490443e-02
1511 1.713123735e-02 5.360158437e-03
1512 7.239732524e-03 -2.130217064e-03
1513 -6.160177899e-03 1.205000363e-02
1514 1.574927701e-02 1.764848067e-02
1515 1.055762798e-03 -2.186665019e-03
1516 -4.833066223e-03 2.325452422e-02
1517 8.718977137e-03 1.890684021e-02
1518 7.496622909e-03 2.468317503e-02
1519 1.956098281e-02 1.969465919e-02
1520 1.605002298e-02 1.236467875e-02
1521 9.785682167e-03 1.375554509e-02
1522 1.879436805e-02 2.434790589e-02
1523 2.919217354e-02 5.166992396e-03
1524 1.239016245e-02 8.389219069e-04
1525 1.072399011e-02 3.781293436e-03
1526 4.677278597e-03 9.638044800e-03
1527 1.431112464e-02 1.115192324e-02
1528 6.075810285e-03 3.542543364e-03
1529 2.681934363e-03 1.576681236e-02
1530 1.265782374e-02 1.775218833e-02
1531 1.513698538e-02 1.019611252e-02
1532 7.758652091e-03 8.906112097e-03
1533 9.184425563e-03 1.508122926e-02
1534 1.035455729e-02 1.385905370e-02
1535 1.534094836e-02 1.811443507e-02
1536 1.835671318e-02 5.242083895e-03
1537 5.737470135e-03 1.115217055e-02
1538 1.867046928e-02 1.199634298e-02
1539 7.175827235e-03 3.338741084e-03
1540 9.256293247e-03 1.363553542e-02
1541 6.390049520e-03 8.771205734e-03
1542 1.122562241e-02 2.069703569e-02
1543 1.897965148e-02 5.033728031e-03
1544 2.437495346e-03 6.374421708e-03
1545 6.285925845e-03 1.617091521e-02
1546 9.952657856e-03 1.661637122e-02
1547 1.561436031e-02 1.621393938e-02
1548 1.760152102e-02 6.254591020e-03
1549 4.270547247e-03 3.036801867e-03
1550 1.777932115e-03 1.617945948e-02
1551 1.084097608e-02 1.752275543e-02
1552 1.063920795e-02 1.176415182e-02
1553 5.916573704e-03 1.613387664e-02
1554 1.476943023e-02 1.710659694e-02
1555 8.419472120e-03 9.797886911e-03
1556 7.373265212e-03 1.905081428e-02
1557 1.118333785e-02 1.936671298e-02
1558 1.901150772e-02 2.160837835e-02
1559 2.238443652e-02 9.204506119e-03
1560 1.453853872e-02 2.690367228e-03
1561 -1.436764498e-03 8.277293205e-03
1562 1.388861093e-02 2.791240335e-02
1563 2.010784372e-02 3.346399220e-03
1564 4.510309241e-03 1.556788215e-02
1565 1.858890788e-02 1.120690514e-02
1566 7.881611513e-03 1.100563045e-02
1567 1.533253894e-02 8.294319205e-03
1568 -7.233006092e-04 9.558313058e-03
1569 1.193607640e-02 2.422725952e-02
1570 1.998681108e-02 1.044690590e-02
1571 9.455479132e-03 6.697899144e-04
1572 -5.617700535e-03 1.374160830e-02
1573 1.227263060e-02 2.438154190e-02
1574 8.513067284e-03 8.906831347e-03
1575 2.282493225e-03 2.503264407e-02
1576 2.134894114e-02 2.303405779e-02
1577 1.488637071e-02 7.847402203e-03
1578 6.358723474e-03 1.799306393e-02
1579 1.947777866e-02 1.801074627e-02
1580 1.114084805e-02 6.527461944e-03
1581 6.412280616e-03 1.831477952e-02
1582 1.468426375e-02 1.688276087e-02
1583 1.329258378e-02 1.432978162e-02
1584 1.154503801e-02 1.121310032e-02
1585 7.372370950e-03 1.749169284e-02
1586 1.522937907e-02 1.494039466e-02
1587 4.684782266e-03 1.501050378e-02
1588 1.605195078e-02 2.459220338e-02
1589 1.650271995e-02 1.116071365e-02
1590 1.103819164e-02 1.601927807e-02
1591 1.204406450e-02 1.729368067e-02
1592 2.084875498e-02 1.933770441e-02
1593 1.656408821e-02 2.299046542e-03
1594 3.795742776e-03 1.355892945e-02
1595 9.341106830e-03 1.483136580e-02
1596 6.451410062e-03 2.388913065e-02
1597 2.314547198e-02 2.277611169e-02
1598 2.098780620e-02 1.062282715e-02
1599 1.690080057e-02 8.397795953e-03
1600 1.289845436e-02 7.035014372e-03
1601 8.188232925e-03 8.862740895e-03
1602 1.066513225e-02 1.191383705e-02
1603 3.707266282e-03 7.263842590e-03
1604 4.040387689e-03 2.340513748e-02
1605 1.510371105e-02 1.425912481e-02
1606 8.074618567e-03 1.702025237e-02
1607 1.301879587e-02 1.011943495e-02
1608 -1.240158831e-03 1.847279618e-02
1609 1.584172600e-02 2.400229965e-02
1610 1.067121064e-02 1.546401352e-02
1611 1.496441183e-02 1.973612347e-02
1612 1.458247341e-02 1.343130829e-02
1613 1.183780955e-02 1.025614418e-02
1614 2.815558706e-03 1.401207130e-02
1615 6.498947575e-03 1.953719022e-02
1616 3.604702712e-03 2.580393471e-02
1617 2.107394132e-02 2.967875495e-02
1618 1.936997957e-02 1.480656520e-02
1619 1.872428195e-02 1.803581951e-02
1620 1.744003507e-02 8.298644719e-03
1621 8.116940624e-03 1.330935174e-02
1622 1.340772450e-02 1.694244986e-02
1623 1.190011139e-02 1.253432173e-02
1624 8.969888037e-03 1.608966594e-02
1625 9.397241069e-03 1.855026699e-02
1626 1.670251804e-02 2.356274951e-02
1627 2.126478644e-02 9.476552909e-03
1628 1.030239608e-02 1.137715309e-02
1629 1.314499268e-02 9.379804226e-03
1630 6.744905197e-03 1.431694897e-02
1631 1.353740513e-02 8.446865357e-03
1632 -9.033678347e-04 1.356014456e-02
1633 1.246246987e-02 1.478753532e-02
1634 -4.299487160e-03 1.358510506e-02
1635 1.316393492e-02 2.537660875e-02
1636 3.121398983e-03 7.300736423e-03
1637 -9.295825280e-04 2.648404464e-02
1638 8.689850830e-03 2.454876191e-02
1639 1.179061023e-02 2.200514054e-02
1640 5.555099754e-03 1.959381772e-02
1641 1.145093988e-02 2.644215571e-02
1642 1.268314657e-02 2.000129488e-02
1643 1.352871980e-02 1.589360127e-02
1644 -1.919726635e-03 1.734678384e-02
1645 1.116554234e-02 3.204470760e-02
1646 1.016559533e-02 2.004698865e-02
1647 1.521868162e-02 2.561768570e-02
1648 2.153273966e-03 1.498064231e-02
1649 1.130246631e-02 4.435481026e-02
1650 3.092611376e-02 1.560690588e-02
1651 9.197238769e-03 1.768997917e-02
1652 1.920183368e-02 1.742063762e-02
1653 9.251927674e-03 1.204736545e-02
1654 5.463007249e-03 1.622971994e-02
1655 2.712674721e-03 2.025482881e-02
1656 -9.126422773e-04 2.788581962e-02
1657 1.354715862e-02 4.085273187e-02
1658 2.567183734e-02 2.473786626e-02
1659 2.022239938e-02 1.834250381e-02
1660 1.359159337e-02 1.276564124e-02
1661 1.163338850e-02 1.911831278e-02
1662 7.019909349e-03 1.102889849e-02
1663 3.404003422e-04 2.572918208e-02
1664 6.662456224e-03 2.333787680e-02
1665 4.999867779e-03 3.442143840e-02
1666 1.801254322e-02 2.777965510e-02
1667 1.441680583e-02 2.720571186e-02
1668 1.576951713e-02 1.630026374e-02
1669 1.604806958e-03 2.895942622e-02
1670 1.968956900e-02 2.663999352e-02
1671 2.205786018e-03 2.575093099e-02
1672 2.117728531e-02 3.832480323e-02
1673 1.864849016e-02 2.029658460e-02
1674 1.638065647e-02 2.805702709e-02
1675 1.803472661e-02 2.162056531e-02
1676 1.551073282e-02 2.432310592e-02
1677 1.559173304e-02 2.329878720e-02
1678 2.028186483e-02 2.573022492e-02
1679 1.918695016e-02 1.230455835e-02
1680 5.130428215e-03 1.998081346e-02
1681 1.520335551e-02 2.416205554e-02
1682 8.208188025e-03 1.983661347e-02
1683 1.403225296e-02 2.743602276e-02
1684 1.023256784e-02 1.692679400e-02
1685 6.979086076e-03 3.233597492e-02
1686 2.300311219e-02 2.195329563e-02
1687 4.813979104e-03 1.341370875e-02
1688 9.657742180e-04 2.908618335e-02
1689 1.071200873e-02 3.390573375e-02
1690 1.545144866e-02 2.628269424e-02
1691 7.469626543e-03 2.637748289e-02
1692 1.248385056e-02 3.151627261e-02
1693 1.018374783e-02 2.707253732e-02
1694 1.200079799e-02 3.613670917e-02
1695 2.006113589e-02 2.660786635e-02
1696 7.362424298e-03 2.829772128e-02
1697 1.873140982e-02 3.615599143e-02
1698 1.844579149e-02 2.544448819e-02
1699 1.690495551e-02 2.783233485e-02
1700 1.467527320e-02 2.388339862e-02
1701 1.317810922e-02 2.783808259e-02
1702 1.339235315e-02 2.894024101e-02
1703 2.153660517e-02 2.654046850e-02
1704 6.533472119e-03 1.597705810e-02
1705 8.533547636e-03 3.722782253e-02
1706 1.500049538e-02 2.040535795e-02
1707 9.633552956e-04 3.522785275e-02
1708 1.727004081e-02 3.314093024e-02
1709 9.041978103e-03 3.471321739e-02
1710 2.217470027e-02 3.181698770e-02
1711 8.951860129e-03 2.609390574e-02
1712 1.533701807e-02 3.440750253e-02
1713 1.156780897e-02 2.574365122e-02
1714 6.535060306e-03 3.521294120e-02
1715 1.540723592e-02 3.881839415e-02
1716 1.787539846e-02 3.033346037e-02
1717 9.754230579e-03 3.208876181e-02
1718 1.530143242e-02 3.714679426e-02
1719 1.700570243e-02 3.072302130e-02
1720 9.373687064e-03 3.010635851e-02
1721 9.780614966e-03 3.964644843e-02
1722 1.732975880e-02 3.762717425e-02
1723 1.706921818e-02 3.507769747e-02
1724 1.526878633e-02 3.040092553e-02
1725 1.001867156e-02 3.630884088e-02
1726 1.685458050e-02 3.413027863e-02
1727 5.669570009e-03 3.209649498e-02
1728 7.340777965e-03 4.758520469e-02
1729 2.387738364e-02 4.641221548e-02
1730 2.238921614e-02 3.048598106e-02
1731 1.225353954e-02 3.481899005e-02
1732 1.754867398e-02 3.402483749e-02
1733 8.831464989e-03 2.905477495e-02
1734 -3.402308858e-04 3.774571757e-02
1735 6.188270075e-03 5.298708740e-02
1736 1.888139087e-02 4.448999678e-02
1737 6.894055855e-03 4.333607591e-02
1738 1.374231939e-02 5.625989147e-02
1739 2.706692552e-02 5.129207925e-02
1740 2.646936965e-02 3.701411898e-02
1741 1.580896833e-02 3.683440388e-02
1742 1.552932157e-02 3.764055012e-02
1743 8.025394007e-03 3.848784500e-02
1744 6.476890682e-03 4.711071109e-02
1745 1.359414135e-02 5.076944170e-02
1746 1.173517740e-02 4.448694557e-02
1747 1.163855480e-02 5.408374606e-02
1748 1.744004256e-02 4.133697830e-02
1749 -1.418894886e-03 4.805319071e-02
1750 7.637547711e-03 5.650938605e-02
1751 1.055408549e-03 5.934148073e-02
1752 1.151309594e-02 6.849134232e-02
1753 1.424248826e-02 6.424499114e-02
1754 1.540304209e-02 6.155388185e-02
1755 6.346931474e-03 6.689609072e-02
1756 1.824677714e-02 7.587247733e-02
1757 2.064746612e-02 6.895024830e-02
1758 2.083976999e-02 6.677740794e-02
1759 1.252178289e-02 6.825621410e-02
1760 1.660164943e-02 7.436416332e-02
1761 1.081289412e-02 7.628097991e-02
1762 1.907730096e-02 8.556831843e-02
1763 1.702941045e-02 8.096938935e-02
1764 1.975586183e-02 9.031164665e-02
1765 1.921901324e-02 8.624555305e-02
1766 1.660293063e-02 9.845746071e-02
1767 2.494015869e-02 1.009771559e-01
1768 2.398593861e-02 1.021334096e-01
1769 2.354915992e-02 1.080601677e-01
1770 2.414517651e-02 1.127012856e-01
1771 1.981750507e-02 1.238889280e-01
1772 2.848781418e-02 1.377002181e-01
1773 2.990595822e-02 1.437798545e-01
1774 3.265417377e-02 1.622065868e-01
1775 4.394513528e-02 1.834185061e-01
1776 6.738817104e-02 1.958515676e-01
1777 7.105928328e-02 2.061786928e-01
1778 9.875960425e-02 2.426381011e-01
1779 1.351884259e-01 2.442660259e-01
1780 1.472994326e-01 2.744702463e-01
1781 2.141356477e-01 3.314723828e-01
1782 3.389028203e-01 3.567991601e-01
1783 5.146415442e-01 3.067624384e-01
1784 6.591275083e-01 1.079410272e-01
1785 6.206562875e-01 -1.455952537e-01
1786 4.724695602e-01 -2.858818215e-01
1787 3.133381250e-01 -3.338092382e-01
1788 1.897895617e-01 -2.879569741e-01
1789 1.540834623e-01 -2.413902718e-01
1790 1.177882327e-01 -2.238033054e-01
1791 9.943925020e-02 -1.998074462e-01
1792 6.879459844e-02 -1.983075237e-01
1793 4.077861208e-02 -1.577575200e-01
1794 4.908892531e-02 -1.449708251e-01
1795 2.807141938e-02 -1.335944058e-01
1796 3.179634393e-02 -1.168798795e-01
1797 1.530238425e-02 -1.108596785e-01
1798 2.268688469e-02 -8.525069093e-02
1799 2.377937045e-02 -9.581167003e-02
1800 9.416927575e-03 -7.790042263e-02
1801 2.067458200e-02 -7.087386849e-02
1802 1.356976144e-02 -6.955568705e-02
1803 1.716669391e-02 -5.892436640e-02
1804 1.814907463e-02 -6.261783593e-02
1805 1.015369070e-02 -5.564675511e-02
1806 1.627173551e-02 -4.702520637e-02
1807 1.910276568e-02 -5.300236057e-02
1808 5.659422354e-03 -5.145203147e-02
1809 1.004312438e-02 -3.132773619e-02
1810 2.520853222e-02 -4.521305479e-02
1811 -8.379250542e-04 -4.596367724e-02
1812 1.086613906e-02 -2.072141950e-02
1813 2.000368797e-02 -3.560574763e-02
1814 1.039745145e-02 -2.900350020e-02
1815 2.212317301e-02 -2.934628124e-02
1816 1.080651161e-02 -4.047512488e-02
1817 2.028579410e-03 -2.161636230e-02
1818 2.117142293e-02 -2.053071311e-02
1819 1.157394277e-02 -3.390534768e-02
1820 3.810470533e-03 -2.066103022e-02
1821 1.314315287e-02 -1.413873141e-02
1822 1.986178818e-02 -2.315918233e-02
1823 5.122649366e-03 -2.635903279e-02
1824 7.800195435e-03 -1.197064673e-02
1825 1.058753977e-02 -1.595777109e-02
1826 1.183371929e-02 -8.603535053e-03
1827 1.708857296e-02 -1.423513743e-02
1828 1.490172576e-02 -1.320908698e-02
1829 1.324599679e-02 -1.825399686e-02
1830 7.762555660e-03 -6.813620289e-03
1831 2.391832556e-02 -1.068156824e-02
1832 9.854772542e-03 -2.178555680e-02
1833 7.155605186e-03 -6.525051652e-03
1834 1.518536334e-02 -7.907345136e-03
1835 1.624659191e-02 -8.792715349e-03
1836 1.710840976e-02 -1.550967233e-02
1837 7.680317074e-03 -1.529026427e-02
1838 7.560302104e-03 -9.351422259e-03
1839 7.838438477e-03 -8.096740640e-03
1840 8.055084244e-03 -6.360802480e-03
1841 9.397447130e-03 -4.725871409e-03
1842 8.686055406e-03 -8.106032498e-03
1843 3.008449575e-03 -2.955239377e-04
1844 1.573948252e-02 1.696865995e-03
1845 1.135136554e-02 -7.644785800e-03
1846 1.029815845e-02 -5.506554636e-03
1847 5.400917670e-04 -8.296453266e-03
1848 1.993353733e-03 8.806311950e-03
1849 1.205349759e-02 1.238267864e-03
1850 4.251218932e-03 3.758415596e-03
1851 1.043924631e-02 6.082536583e-03
1852 8.627777466e-03 5.716671492e-03
1853 1.282747830e-02 5.768187171e-03
1854 9.005215605e-03 3.325640098e-03
1855 8.744277271e-03 6.070061701e-03
1856 4.947118316e-03 9.874041478e-03
1857 1.520753284e-02 1.819588722e-02
1858 2.066398077e-02 6.948592904e-03
1859 1.757800768e-02 6.996706452e-03
1860 1.730813696e-02 -9.367376228e-04
1861 5.609615491e-03 5.721545344e-03
1862 1.745061354e-02 1.154600841e-02
1863 1.553659161e-02 -9.207201988e-04
1864 3.439578975e-03 3.448377943e-03
1865 7.056170603e-03 1.549657300e-02
1866 1.512505388e-02 1.057632480e-02
1867 7.662801709e-03 1.122802466e-02
1868 1.527688042e-02 1.854737712e-02
1869 2.017182026e-02 9.675108837e-03
1870 1.139570445e-02 7.689223997e-03
1871 1.532004549e-02 1.789471019e-02
1872 2.267095358e-02 4.026686946e-03
1873 2.324228917e-03 8.096152087e-03
1874 1.886673769e-02 2.405264694e-02
1875 2.432147604e-02 4.583071524e-03
1876 1.180184207e-02 5.391729775e-03
1877 1.329744755e-02 7.678335712e-03
1878 5.419381317e-03 6.233585466e-03
1879 6.201332827e-03 2.196371659e-02
1880 2.142711960e-02 1.294262633e-02
1881 4.203849382e-03 7.656548100e-03
1882 7.025182912e-03 2.402029462e-02
1883 1.785305287e-02 2.412741261e-02
1884 2.271564246e-02 1.276233151e-02
1885 8.656255534e-03 1.599822487e-02
1886 2.780994824e-02 2.161535059e-02
1887 1.722551673e-02 -1.418568282e-03
1888 8.025966947e-03 1.411078720e-02
1889 1.327002528e-02 6.701740190e-03
1890 -1.799044926e-03 8.751744654e-03
1891 -4.989603910e-03 2.603156504e-02
1892 1.213632736e-02 3.235284703e-02
1893 7.628311330e-03 2.336988104e-02
1894 1.317177545e-02 4.029879357e-02
1895 2.890649039e-02 2.937082865e-02
1896 2.930970393e-02 2.131467424e-02
1897 2.044855577e-02 8.190855587e-03
1898 1.054158817e-02 2.318346023e-02
1899 2.357928754e-02 1.988554959e-02
1900 1.586979213e-02 1.653746848e-02
1901 1.866676599e-02 1.607991032e-02
1902 1.021998693e-02 1.266136173e-02
1903 4.898262334e-03 2.143391129e-02
1904 1.132436157e-02 2.917005317e-02
1905 1.489067150e-02 2.450529670e-02
1906 1.615045532e-02 2.932425766e-02
1907 2.261134064e-02 1.714700012e-02
1908 4.018901103e-03 1.828103154e-02
1909 1.245825430e-02 3.110407425e-02
1910 1.270271555e-02 2.273099920e-02
1911 8.815483250e-03 3.068539350e-02
1912 1.739122622e-02 3.075872673e-02
1913 1.487226556e-02 2.374830651e-02
1914 7.779502426e-03 2.886878149e-02
1915 1.518958690e-02 3.586919839e-02
1916 2.040704099e-02 2.806662177e-02
1917 1.640465287e-02 2.350679297e-02
1918 9.171803187e-03 1.900837388e-02
1919 -2.886658822e-03 2.849576798e-02
1920 2.661307888e-03 3.875763165e-02
1921 2.059497123e-03 4.289199846e-02
1922 1.442580370e-02 5.273362131e-02
1923 2.519269851e-02 3.957157430e-02
1924 1.774359115e-02 3.021946791e-02
1925 5.027471673e-03 3.130200478e-02
1926 4.934486342e-03 4.834820467e-02
1927 1.967978486e-02 4.270635489e-02
1928 6.676390163e-03 3.585062624e-02
1929 6.162624118e-03 4.875551941e-02
1930 9.992939920e-03 4.816933045e-02
1931 1.275235936e-02 5.094694459e-02
1932 9.404527688e-03 4.332453597e-02
1933 1.253779781e-03 5.772766915e-02
1934 1.491557858e-02 5.844462460e-02
1935 7.984982690e-03 5.747943315e-02
1936 1.413245760e-02 6.077940889e-02
1937 7.511272386e-03 6.082561600e-02
1938 1.340980914e-02 6.560286585e-02
1939 3.110312527e-03 6.561599634e-02
1940 1.186424818e-02 8.267312046e-02
1941 1.656786603e-02 7.467794763e-02
1942 1.502891792e-02 8.315043079e-02
1943 2.107616644e-02 8.130020072e-02
1944 1.637659895e-02 8.159087698e-02
1945 1.261280364e-02 9.232568181e-02
1946 2.503888036e-02 9.924299372e-02
1947 2.159761957e-02 9.423709917e-02
1948 2.240079573e-02 1.057424583e-01
1949 2.342939919e-02 1.086942326e-01
1950 2.900186769e-02 1.169821834e-01
1951 2.204680151e-02 1.187307320e-01
1952 2.945921060e-02 1.433843290e-01
1953 4.013948010e-02 1.409640964e-01
1954 3.973214743e-02 1.543462451e-01
1955 3.877172834e-02 1.633973161e-01
1956 4.642236643e-02 2.007343990e-01
1957 7.470339480e-02 2.137161796e-01
1958 9.438882681e-02 2.387689165e-01
1959 1.288107048e-01 2.448472476e-01
1960 1.437942647e-01 2.748017305e-01
1961 2.060933823e-01 3.096329375e-01
1962 2.816836723e-01 3.369443719e-01
1963 4.298804697e-01 3.330977231e-01
1964 5.696002338e-01 2.033005179e-01
1965 6.026764104e-01 2.236161751e-02
1966 5.536749366e-01 -1.339426052e-01
1967 4.426281054e-01 -2.391779203e-01
1968 3.333712555e-01 -2.550723255e-01
1969 2.694179530e-01 -2.555382410e-01
1970 2.130392047e-01 -2.414497493e-01
1971 1.874413380e-01 -2.334490962e-01
1972 1.482433394e-01 -2.347561343e-01
1973 1.102548590e-01 -2.197010447e-01
1974 9.012494729e-02 -1.928287999e-01
1975 8.269375078e-02 -1.925119827e-01
1976 4.409758088e-02 -1.760526381e-01
1977 4.845297795e-02 -1.424040026e-01
1978 4.687450785e-02 -1.456178834e-01
1979 3.435977747e-02 -1.317061108e-01
1980 3.389739211e-02 -1.229956422e-01
1981 2.781080671e-02 -1.162643441e-01
1982 2.636525899e-02 -1.089927442e-01
1983 1.830122580e-02 -1.069161611e-01
1984 1.167791147e-02 -9.099120217e-02
1985 1.645463650e-02 -8.516188758e-02
1986 1.112004942e-02 -7.554792307e-02
1987 2.450532159e-02 -6.642809722e-02
1988 2.582904897e-02 -7.917352869e-02
1989 1.136778371e-02 -7.334689146e-02
1990 1.865205552e-02 -6.225240308e-02
1991 1.735028721e-02 -6.931150577e-02
1992 1.374248619e-02 -6.006726693e-02
1993 1.553426603e-02 -6.460450309e-02
1994 8.720375488e-03 -5.566617694e-02
1995 1.358261438e-02 -6.005808044e-02
1996 -1.923298954e-03 -5.070977380e-02
1997 1.113931269e-02 -4.084672666e-02
1998 6.860664489e-03 -4.180721690e-02
1999 1.744815389e-02 -3.604759601e-02
2000 1.112966738e-02 -4.477332171e-02
2001 1.152865550e-02 -3.104527567e-02
2002 2.045367048e-02 -3.602980910e-02
2003 1.737159004e-02 -3.814738207e-02
2004 1.693607702e-02 -3.898047231e-02
2005 1.241777192e-02 -3.920672406e-02
2006 1.008801196e-02 -3.217504953e-02
2007 1.660736466e-02 -2.997404832e-02
2008 1.564009230e-02 -3.389203514e-02
2009 1.276535511e-02 -2.940321745e-02
2010 2.153327580e-02 -2.652920697e-02
2011 2.092550522e-02 -3.963291255e-02
2012 1.076852622e-02 -3.327507664e-02
2013 1.723133762e-02 -3.553550409e-02
2014 6.426718993e-03 -3.493748136e-02
2015 1.151761208e-02 -3.089333609e-02
2016 5.067087611e-03 -3.167052978e-02
2017 9.202825359e-03 -3.014182408e-02
2018 -4.712741439e-03 -2.969697952e-02
2019 5.264733579e-03 -1.318167814e-02
2020 5.910959003e-03 -2.492166176e-02
2021 2.461791568e-03 -1.162304848e-02
2022 1.263117089e-02 -1.669273266e-02
2023 6.006687904e-03 -1.561764230e-02
2024 1.204161521e-02 -1.226437624e-02
2025 1.176387261e-02 -1.656068703e-02
2026 9.462765353e-03 -1.434373579e-02
2027 1.052855820e-02 -1.235047463e-02
2028 1.489598886e-02 -1.025899877e-02
2029 1.587431090e-02 -2.137716421e-02
2030 -3.538034457e-04 -1.364321169e-02
2031 1.424187834e-02 -4.225691306e-03
2032 8.660948819e-03 -1.115028345e-02
2033 1.942884558e-02 -3.636980277e-04
2034 1.941490735e-02 -1.889964834e-02
2035 1.186572539e-02 -8.816949785e-03
2036 1.685308201e-02 -1.632195009e-02
2037 6.914276320e-03 -1.060320255e-02
2038 1.267949056e-02 -7.299623030e-03
2039 1.382402121e-02 -5.465094904e-03
2040 1.697647026e-02 -9.541208916e-03
2041 1.502602222e-02 -8.253513345e-03
2042 1.363517760e-02 -1.375116239e-02
2043 7.605569980e-03 -1.309518485e-03
2044 2.535234285e-02 -6.924075577e-03
2045 6.903726453e-03 -1.636492931e-02
2046 1.010762881e-02 3.355323377e-03
2047 1.970123444e-02 -4.557927698e-03
